Mixture	B	Endothelial	Fibroblasts	Mono/Macro	Tprolif	CD4Tconv	CD8Tex	Malignant	P-value	Correlation	RMSE	Absolute score (sig.score)
value...1	0.133630012701919	0.154022749723138	0.180854314633723	0.408650239397876	0.109259918170897	0.6875437171947	0.53509935444818	1.03260194589992	0	0.941857194555301	0.531847177394737	3.24166225217035
value...2	0.870594788645607	0.188688734589401	0.256553817342727	0.745996665976997	0.109130097215142	0.742385689789756	0.18653262844778	0	0	0.860167077438167	0.584253187574138	3.09988242200741
value...3	0.235591643527221	0.0399509527167805	0.221741554877552	0.205658243853123	0.0151793569162778	0.137456952419075	0.187104862160944	2.13280443727591	0	0.941824935417314	0.42909206854984	3.17548800374689
value...4	0.253103325053529	0.247524096139506	0.132375661026266	0.103353135775801	0.0780663225686317	0.183495836417451	0.132946664871843	2.04814289563537	0	0.940237233580908	0.45207084186881	3.1790079374884
value...5	0.130350797957038	0.137157216977328	0.110606122513607	0.0867119424996446	0.0655821560409777	0.138476436391165	0.197106064451796	2.26236831248631	0	0.93316708492771	0.428167524838568	3.12835904931787
value...6	0.2813842808301	0.23391695624742	0.195322037542469	0.405804017524569	0	0.281375185528663	0.310480308228618	1.56026381194199	0	0.880975305269113	0.570185203666195	3.26854659784383
value...7	0.0794846330511621	0.524950485368468	0.220387331361387	0.486858503271016	0.120344976323936	0.324074946320213	0.375068013194432	1.26601900799342	0	0.928331325817961	0.54771420470409	3.39718789688404
value...8	0.160930812535341	0.150733805560142	0.124103341807833	0.348788519094373	0.0594050428070675	0.354712893797407	0.435453934901283	1.63193913397901	0	0.926493977562439	0.514950404334132	3.26606748448246
value...9	0.0975041953545191	0.0835869639867835	0.0543453659686036	0.0865142178127138	0.0194350747595074	0.0364768880227349	0.0776716741551806	2.70106966411945	0	0.95293041723578	0.338493239770814	3.15660404417949
value...10	0.337619021909203	0.103886670162524	0.193147165474336	0.17591835970126	0.068495260472414	0.368102443200769	0.214727029007732	1.70311767380639	0	0.948488681547638	0.484232961047485	3.16501362373463
value...11	0.348597142443244	0.227855739378252	0.0200419184111822	0.155812528829392	0.10767278361218	0.425620557214847	0.590732813113998	1.16407332353719	0	0.908899825905041	0.559270923043638	3.04040680654029
value...12	0.317764077916442	0.202338377391221	0.306891783656303	0.319844295206333	0.0685605987290683	0.428391007211771	0.359402714199246	1.20890192192448	0	0.918681768700186	0.556337551568689	3.21209477623486
value...13	0.125694934853274	0.298271208854476	0.136564657680955	0.201851374209912	0.0155351533130347	0.383534699332676	0.190694941885619	1.87435139466447	0	0.924588202097948	0.495620305012862	3.22649836479442
value...14	0.317013202332544	0.0747336803890876	0.0802323719784997	0.344990113913571	0.0740841112306947	0.409223382842811	0.461860927758342	1.40605841478971	0	0.947262308022304	0.506797343417969	3.16819620523526
value...15	0.181403251252836	0.52282133444465	0.0439690337630624	0.586256397506073	0.0914325356551654	0.957522960796419	0.189917103756186	0.645968079855846	0	0.901533090539298	0.596239991498948	3.21929069703024
value...16	0.531886222285005	0.247853516180654	0.15005556540091	0.423133751552236	0.0163656487691238	0.19331113868159	0.133023568669189	1.54075667262236	0	0.930058341885237	0.524241695927858	3.23638608416107
value...17	0.0945981400451707	0.490981703741085	0.0351870107293284	0.932822519359082	0.143231378989157	1.0323783168855	0.546483717590443	0	0	0.870307325738631	0.565559650526667	3.27568278733977
value...18	0.351947882991735	0.277492444630905	0.114270268833003	0.599387637587661	0.0810940775374355	0.646113633972853	0.859695173382917	0.393549016500286	0	0.890884618296553	0.557662500857058	3.3235501354368
value...19	0.233033598745096	0.415635048082762	0.19087680147543	0.637232048990565	0.0832565551522672	0.476209945774462	0.43896037671165	0.920883685968496	0	0.864461231443119	0.615943921336159	3.39608806090073
value...20	0.332706573900662	0.0613614674670582	0.328019503092379	0.167894542182301	0	0.367153589566543	0.196452345070743	1.75953286392104	0	0.887853754579186	0.541802928447733	3.21312088520072
value...21	0.475783255781208	0.094648269932904	0.289672123555248	0.307771190182352	0.160539529924934	0.420233716731694	0.539427053038346	0.960080318412521	0	0.912348800322859	0.565988904513156	3.24815545755921
value...22	0.174022766929298	0.24950313342146	0.486423235823311	0.458575104854576	0.140172267143488	1.11976492478216	0.614228859427963	0.0174600304346872	0	0.835599803697936	0.601190693381233	3.26015032281695
value...23	0.16003078944893	0.0590542132871904	0.158124078910367	0.249874107678383	0.0234942547882839	0.143820988664066	0.0899637459505772	2.3181478425594	0	0.944358108362506	0.403893527753467	3.2025100212872
value...24	0.194938573022078	0.0287062179241606	0.110488124611281	0.0790132912165673	0.0158800236606122	0.29647097088642	0.18753668930589	2.1276869648041	0	0.941466874334489	0.425588002340359	3.04072085543111
value...25	0.119173979408861	0.196620957200047	0.0451854092012778	0.0940889048530266	0.0175481613015446	0.103405559238202	0.113905804562354	2.49013117367757	0	0.932237051731229	0.407893247516906	3.18005994944288
value...26	0.882222018202125	0.424096796931524	0.365998251791796	0.153686551354281	0.104536774928061	0.917336489098777	0.199602267977996	0.0124953174522809	0	0.886622296616835	0.570169192140332	3.05997446773684
value...27	0.248915945997346	0.0908573096288272	0.0121672186773916	0.328181871931152	0.0749811206259392	0.54986473875669	0.333179268466077	1.51360234120055	0	0.926859777332366	0.522959158272547	3.15174981528397
value...28	0.264456670233924	0.119383741550298	0.144719189749667	0.260887232336832	0.0620281319625376	0.311199682645296	0.331054550254514	1.71960328949972	0	0.939775185451655	0.492645220916073	3.21333248823279
value...29	0.496238119264466	0.0742572853768472	0.346814233709174	0.166625743709452	0.0458458634149192	0.147593187546445	0.151305200537044	1.80033434507293	0	0.91417963879134	0.507532909064168	3.22901397863128
value...30	0.033698800073319	0.140969263996379	0.0101662136241757	0.0820619981657861	0.0574526110925623	0.102747126915268	0.0796208643029178	2.63735848100723	0	0.950645810127902	0.351129059791353	3.14407535917763
value...31	0.36482226165782	0.279102708137123	0.242075304465898	0.646255278502278	0.0863139344282245	0.577024841492066	0.338853190590991	0.775231113148301	0	0.874188673515633	0.608471882994714	3.3096786324227
value...32	0.356278104545396	0.643597616427434	0.362632612160014	0.542512984987166	0.0755678520345317	0.646446650797693	0.0382466444767554	0.638171256461805	0	0.889559922246853	0.602589993081	3.30345372189079
value...33	0.188294143263633	0.142088298485495	0.198639177929504	0.195814467112369	0	0.28003939812682	0.28154139014882	1.97837940529255	0	0.937310607099487	0.465310014431238	3.26479628035919
value...34	0.116862191306589	0.0261596835342015	0.167000698042531	0.127902400510801	0.0400975777762887	0.189840794265676	0.231780368568937	2.3094057054526	0	0.945780346530206	0.405122921284911	3.20904941945762
value...35	0.114729836719164	0.162985089389009	0.096948232457181	0.2091443716156	0.0621226132590803	0.584466483485545	0.40612845686468	1.46115054492914	0	0.931169545427176	0.52090819297038	3.0976756287194
value...36	0.496874375296861	0.0716801832585863	0.122356378928972	0.421739084307216	0	0.393456260607469	0.136592184085982	1.49750876962869	0	0.923075891280523	0.528962462002837	3.14020723611378
value...37	0.0111686353710765	0	0.0083052730616973	0	0.0470374459493823	0.00129167112965817	0	2.98725713554593	0	0.944753381454447	0.331357070397247	3.05506016105775
value...38	0.0522019486760182	0.147572355795124	0.256915806706131	0.472560234740484	0	0.438830909671779	0.113536914962089	1.95399321234452	0	0.920484638040169	0.491895101071614	3.43561138289614
value...39	0.157204258012044	0.0497913519651589	0.232002826630521	0.359833001811647	0.107363987335482	0.612275329845052	0.326434265375966	1.38661837059343	0	0.925173443971827	0.534919848037188	3.2315233915693
value...40	0.368948686288423	0.286103380398607	0.213841712896603	0.209182287859106	0.0340865767925403	0.381126166253813	0.380721434751464	1.32162666497059	0	0.916956056336598	0.556463138655059	3.19563691021115
value...41	0.387834194308949	0.456784173812405	0.196214907754474	0.666701622083848	0.0737605232571695	0.433569026305982	0.140901688053933	0.8893366259193	0	0.878923615379879	0.6088649073682	3.24510276149606
value...42	0.245479225409418	0.0444740913754082	0.144943166995223	0.0309459935909971	0.0293449420892222	0.0861432814460341	0.183329619917953	2.34914397377594	0	0.936575354425719	0.410126658334478	3.1138042946002
value...43	0.378235936455738	0.178504870360685	0.142036249594556	0.35409121434886	0.0655981069046913	0.227907343941911	0.275217518770142	1.56615366876829	0	0.912910974832387	0.538427493996229	3.18774490914488
value...44	0.324794109304244	0.16049116480681	0.17288414759539	0.163976567415951	0.0457642647807631	0.217456554248835	0.348668907812095	1.78950434401963	0	0.919470203715848	0.510240275792664	3.22354005998372
value...45	0.0735861273606583	0.435855992710708	0.194596983811338	0.615957173072723	0.105275168004366	0.566205031293645	0.295242451372675	1.01419657442784	0	0.917423670293168	0.568755727695634	3.30091550205396
value...46	0.407503434801765	0.197956977691059	0.238931936572674	0.1990487890528	0.0861137427629109	0.522171431627292	0.270917387693333	1.27598137702554	0	0.918066553291645	0.560812300484868	3.19862507722738
value...47	0.628147311381572	0.852712948461133	0.316725687618441	0.544318149799172	0.102228419113589	0.467685234683646	0.415220662244225	0	0	0.887135532353245	0.58094608834599	3.32703841330178
value...48	0.230006448510479	0.0920734456752768	0.108217675902418	0.387585941940809	0.0146083409073124	0.230696107744119	0.0812850232099458	2.01350878822916	0	0.938741114210656	0.449309055627073	3.15798177211952
value...49	0.0580016537768491	0.131352365330785	0.202558221171567	0.395139297351769	0.0699796331921044	0.368010365140984	0.377321296441143	1.76686485480539	0	0.939169000158188	0.487855065151527	3.36922768721059
value...50	0.0130144654902378	0.00302831699106372	0.0472010065352748	0.0513426791629525	0.0377538098965214	0.0784968847214906	0	2.93237935458802	0	0.946701519120662	0.333786392779963	3.16321651738556
value...51	0.340639042462799	0.27282046582491	0.358121112829836	0.177068572652419	0.173375991637054	0.742886050584642	1.11142820872608	0.0246119723660231	0	0.914070915496145	0.490049364478831	3.20095141708377
value...52	0.102827271429037	0.195897146530935	0.679695266824631	0.87148344730181	0.458270844662857	0.311197417931587	0.323650060425472	0.202446421353174	0	0.417741260269564	0.924509958341094	3.1454678764595
value...53	0.302822542993493	0.495196113635012	0.403515500127213	0.637548363440425	0.126458894945369	0.974715807491455	0.304953908671074	0	0	0.860376820264527	0.597379749134972	3.24521113130404
value...54	0.108435043871039	0.355820616365969	0.258348548902201	0.813505387954499	0.22450163508951	0.895277267081302	0.563685925010146	0.0122231501806949	0	0.797294453729268	0.64158269163891	3.23179757445536
value...55	0.189681832584235	0.746146340847521	0.269240287552128	0.120883289645376	0.56779513506656	0.657654678661408	0.294064604695902	0.206844076248427	0	0.41784010928486	0.911880420884041	3.05231024530156
value...56	0.702613224636533	0.250541200715931	0.0802648622322003	0.184534364008972	0.215958180978314	0.936303627906409	0.61226868700748	0.026205388908144	0	0.866546045697115	0.56207412452187	3.00868953639398
value...57	0.321138664248552	0.726448768691419	0.126238463653527	0.39345190376516	0.150634331804884	0.854792545565783	0.587812284317024	0	0	0.848999486635983	0.606846992369297	3.16051696204635
value...58	0.740900690108006	0.303625119204408	0.421133547533641	0.261109579795447	0.226698161853	0.548931353154526	0.57868591464153	0.0530177212592767	0	0.796725143899107	0.647211087693398	3.13410208754984
value...59	0.113791736891334	0.825802641608811	0.0735105869936949	0.213373512910518	0.357044107075776	0.849240123052548	0.605399986618444	0.0579598694012939	0	0.68139551085667	0.7440075669913	3.09612256455242
value...60	0.643067282358251	0.772012288557526	0.0358103616173456	0.162807325954961	0.256603551683947	0.508125555398908	0.601857042238554	0.0393186890452651	0	0.702948977903896	0.728395637389473	3.01960209685476
value...61	0	0.592093661879739	0.154774438206105	0.452254964568662	0.780810942268696	0.692081233442297	0	0.369483243019607	0	0.262528338130374	0.985018677365167	3.04149848338511
value...62	0.530475124212248	0.127889505534949	0.265387386505006	0.442307514070795	0.478355951495496	0.460683904328059	0.559230791783824	0.191877802413915	0	0.594968116190311	0.8047619645883	3.05620798034429
value...63	0	0.335909478889607	0.38905835899809	0.565055384098366	0.745013986654205	0.680566395904087	0	0.363264009469718	0	0.307268482238519	0.968950842694808	3.07886761401407
value...64	0.289680418242035	0.785570511885552	0.124992620011272	0.325079560086876	0.14892929819541	0.685645456597642	0.818764505874068	0.00473686950510584	0	0.928811285453323	0.516611650034323	3.18339924039796
value...65	0.544285166885244	0.354716656085511	0.657885992012769	0.243930363220865	0.307652939281789	0.414148212837937	0.575852635214051	0.0706119903812757	0	0.619605788751731	0.785933016880701	3.16908395591944
value...66	0.441506225648886	0.803152757236094	0.409429487410082	0.36024491811995	0.231215549730926	0.834177215332446	0.104459521422376	0.0188317308412025	0	0.833937089328659	0.633270633688328	3.20301740574196
value...67	0.130666913930344	0.764101623442299	0.386626922826402	0.226045389746694	0.179841336973468	0.775599120233439	0.722361752959779	0.0306475092368283	0	0.84381636783073	0.603255527155994	3.21589056934925
value...68	0.251074959943602	0.508926416597242	0.000779358042820219	0.438504734526394	0.108756276766939	1.16033821853807	0.623777073337081	0	0	0.911836145396585	0.520145156119669	3.09215703775215
value...69	0.351458869560364	0.783393004567934	0.122504741150002	0.81642805504433	0.0826238981982168	0.661863896269818	0.573173519333934	0	0	0.868799705123799	0.586780273393933	3.3914459841246
value...70	0.26049906903281	0.588005341051002	0.134104769143823	0.379929178511295	0.174784166103137	0.952903310539976	0.747020706751048	0.0187734749610868	0	0.934936022310056	0.505495257888139	3.25602001609418
value...71	0.0213022573085755	0.868348521959664	0.130756012397571	0.327886436611985	0.575844263641688	0.41625136499964	0.607234308676398	0.18600751758996	0	0.454466004413955	0.893123823929682	3.13363068318548
value...72	0.499675512799947	0.645010853307981	0.220094366054757	0.302032572338613	0.241884259443964	0.882858323983634	0.219392680741193	0.0522577846777339	0	0.7373142170423	0.711428418578451	3.06320635334782
value...73	0.236030109284643	0.332000214532233	0.448110399994824	0.544829548237921	0.283671266219286	0.526942382241224	0.724830512954831	0.0483464761272846	0	0.670552243850226	0.747526291316454	3.14476090959225
value...74	0.337241955166	0.423166026581899	0.299715346030286	0.129611215417865	0.331061668432451	0.946090589918595	0.543035257202658	0.0717754884175184	0	0.799147909687405	0.647430048787575	3.08169754716727
value...75	0.40853048856917	0.0937294770283736	0.0019868769644347	0.740145913361755	0.18548094316622	0.836632246187497	0.953638280178104	0.0078941182958048	0	0.82885376293029	0.581849314845824	3.22803834375136
value...76	0.48213592083631	0.481083233354408	0.285278121362417	0.823226459176921	0.331143566902311	0.386287463800316	0.174754881528152	0.122337059453438	0	0.601413107639929	0.802356440292199	3.08624670641427
value...77	0.175118206065533	0.256974951020133	0.193081601148788	0.285042341686558	0.528039649345423	1.13517403502958	0.215437780365049	0.16513330810679	0	0.529333216105605	0.848620094402933	2.95400187276785
value...78	0.219135122510418	0.675019256861091	0.565443692244451	0.414577480779086	0.190165867075996	0.660900300053777	0.450292008837164	0.0678944517006448	0	0.747639350135841	0.690836650032441	3.24342818006263
value...79	0.452230675156953	0.485760769507621	0.301817323775964	0.509679490499981	0.284136630003359	0.605188841448167	0.369841238734678	0.102465701689417	0	0.607097058222457	0.798993233675279	3.11112067081614
value...80	0.472890777965889	0.624220717614078	0.468700389860514	0.325304819865688	0.219013930258314	0.649386485064733	0.400300101000616	0.0248177296021826	0	0.772639015644229	0.675381204204366	3.18463495123201
value...81	0.126114356025308	0.260789828065291	0.376527498264183	0.751811425185808	0.112785891844913	0.762617023446134	0.9437207718005	0	0	0.864788830918529	0.558646990819026	3.33436679463214
value...82	0.628779183860793	0.578879849493301	0.134752915626045	0.234469853175796	0.116429493676735	0.892979916029731	0.445849001454647	0	0	0.929542654538317	0.527467870062293	3.03214021331705
value...83	0.52870981899827	0.682816105800305	0.0101425830587707	0.311369229315121	0.135111185764561	0.961497730468019	0.46645311995108	0.00491415898148481	0	0.903340833244387	0.553527478708982	3.10101393233761
value...84	0.18826843411116	0.740994448075047	0.225449797016843	0.893761706556607	0.0772397953152927	0.341681122847782	0.945379214403305	0	0	0.866322958429004	0.57139945130611	3.41277451832604
value...85	0.504833798106603	0.116330786357692	0.198259985404774	0.720249015842414	0.229214371390272	0.916945897464026	0.410545114821238	0.0317939636841565	0	0.840949196753254	0.598412475023456	3.12817293307118
value...86	0.257300825474331	0.802403556257755	0.0902890425156534	0.712513500518623	0.502285190287659	0.678202219196523	0	0.0833211767431635	0	0.46539233475284	0.885527530197031	3.12631551099371
value...87	0.403320442569255	0.23255825409185	0.324387226629509	0.923200882003513	0.0895303319293664	0.608213431713717	0.735867037488314	0.0149141620641495	0	0.855760444199281	0.576360759480298	3.33199176848967
value...88	0.300453980534394	0.445790358372429	0.109613479297374	0.56362193442348	0.163689738727152	0.914403634659675	0.690760706502526	0.0262619038376791	0	0.881865509860852	0.559806467893293	3.21459573635471
value...89	0.248272986709546	0.471451976303428	0.437840203978584	0.709763125927436	0.307280586080174	0.58547023967066	0.219717849359513	0.18634760085831	0	0.597801811572077	0.804643874743847	3.16614456888765
value...90	0.272498545504788	0.244580479981663	0.531065968695854	0.311889617762642	0.213572039923573	0.964800494476707	0.57672720365832	0.0596308307388732	0	0.765521506613311	0.668998673590947	3.17476518074242
value...91	0.50416160059811	0.215085069626304	0.143498684940301	0.812139416346388	0.425667744594739	0.22287896656185	0.568221580245493	0.261248869084291	0	0.551455336303877	0.834068083594418	3.15290193199748
value...92	0.434591993505138	0.595637501471292	0.0874925587931547	0.364680368646066	0.227116515983443	0.462776966552489	0.955565567602966	0.0505624027530704	0	0.852297802551654	0.587831105946952	3.17842387530762
value...93	0.561587741695062	0.591206629683527	0.0913442900195477	0.228165341188022	0.313984158117728	0.844275741016482	0.35683351692991	0.0345617191214663	0	0.608772420098116	0.797102025718707	3.02195913777174
value...94	0	0.419736584946044	0.629595260096287	0.76042387651181	0.345292176645373	0.493296385548435	0.415335488564984	0.160818072352028	0	0.575745798195314	0.81776240990705	3.22449784466496
value...95	0.124804294865077	0.865580036624971	0.194179646024834	0.477168768238074	0.140255292089149	0.734224782985557	0.809203512917754	0	0	0.896794482545776	0.55266479857915	3.34541633374542
value...96	0.077025378649992	0.507137655848711	0.451724872966208	0.439370819944403	0.263434684335017	0.766719869368387	0.672615871393201	0.0581845611768903	0	0.793026077975097	0.649291377056819	3.23621371368281
value...97	0.591032743060751	0.609027497014954	0.183598142954553	0.494257199450078	0.147446831305259	0.64282190539294	0.520011759263664	0	0	0.903209965035173	0.559417807311942	3.1881960784422
value...98	0.227753549120157	0.427315772728217	0.693106321981746	0.52339279487552	0.288213734425849	0.517058238909302	0.476205052919578	0.0672098469823273	0	0.5645961019121	0.825530552146191	3.2202553119427
value...99	0.0131888074053645	0.529448234146432	0.607736501797709	0.914291524551546	0.317647101981243	0.711606770198047	0.161111603225683	0.0298520660577456	0	0.661007204141011	0.755125870288896	3.28488260936377
value...100	0.0887651333487872	0.160763106325138	0.294040103919532	0.153488245418553	0.285565380373329	1.08424433902404	0.905351112330226	0.0891773899591889	0	0.862981529342134	0.552560963623488	3.06139481069879
