Mixture	B cells naive	B cells memory	Plasma cells	T cells CD8	T cells CD4 naive	T cells CD4 memory resting	T cells CD4 memory activated	T cells follicular helper	T cells regulatory (Tregs)	T cells gamma delta	NK cells resting	NK cells activated	Monocytes	Macrophages M0	Macrophages M1	Macrophages M2	Dendritic cells resting	Dendritic cells activated	Mast cells resting	Mast cells activated	Eosinophils	Neutrophils	P-value	Correlation	RMSE	Absolute score (sig.score)
value...1	0	0.0983372591355052	0.00193302687573664	0.487073893697771	0	0.14431840505503	0.0306903774460989	0	0	0	0.31658889566022	0	0.0793600880862297	0	0	0.0241467050097594	0.0329681323513092	0.170020164040342	0	0.137537567081163	0.180969850923963	0	0	0.526559787758059	0.849322570478622	1.70394436536313
value...2	0.00138721530243617	0.239111369525103	0	0.459004266609297	0	0.0422507035239625	0.127534352887099	0	0	0	0.399345679053373	0	0.0491162692345852	0	0	0.0314056880472152	0	0.184150613284921	0	0.122659218800335	0.26571675363797	0	0	0.624531528990858	0.785954733108471	1.9216821299063
value...3	0.014704850689487	0.0944899945792401	0	0	0	0.19341665942786	0.0164624748123221	0	0	0	0.1204612603828	0	0.0046652410230718	0	0	0.0673653363868644	0.0129535889582699	0.168588068488811	0	0.0876668066108017	0.156749256977187	0	0	0.118403432647249	1.03534500004335	0.937523538336715
value...4	0.0195696333322207	0.0954497403171278	0.0508932571014554	0.0203815376566475	0	0.0945425700151974	0	0.0310945197107781	0	0	0.0477545308003405	0	0.0634913281186442	0	0	0.0198924931589804	0.109690765931388	0.160099856974744	0	0.0859818731283014	0.157842811388646	0	0	0.182292639240416	1.00114735909224	0.956684917634472
value...5	0	0.14128159708081	0.00200304676233407	0.150250085024113	0	0.218288088606472	0	0	0	0	0.0414390348962671	0.00898057551681937	0.021457112862253	0.0258113560735272	0	0	0	0.108056367109501	0	0.0714580847324926	0.133505082815302	0	0	0.197250620752896	1.01656851107433	0.922530431479892
value...6	0	0.228710320499479	0.00526756892905955	0.276363954698786	0	0.0403793375614361	0.0222453854527167	0	0	0	0.160107213038437	0	0.0538019741706226	0	0	0.0577997002053347	0	0.219658212435214	0	0.0803210199475993	0.246649749891483	0	0	0.422770672848065	0.904618272256143	1.39130443683017
value...7	0.0185366694700123	0.0980703441511963	0.0113056720115221	0.250348738012104	0	0.207253360390323	0.0554234937390703	0	0	0	0.322489335957175	0	0.0571453280997058	0	0	0	0	0.148900458395058	0	0.128124038658667	0.186357500714915	0	0	0.451679228238069	0.894345851074162	1.48395493959975
value...8	0	0.0973367371329281	0	0.225129706462772	0	0.0951499081344934	0.0408717683226883	0.0257885510515919	0	0	0.174412832790674	0	0.0772685419754794	0	0	0.0744598039456947	0.0338306669767387	0.202816970684176	0	0.115076133072654	0.188027995625821	0	0	0.341383652402875	0.942851227060127	1.35016961617571
value...9	0.0698829600153408	0	0.0935507447986074	0.023774264838508	0	0.115192806123271	0.011485049324673	0.0680818230291415	0	0	0.104864934340358	0	0.0221468138944073	0	0	0	0	0.127201189069439	0	0.0676885390183775	0.0627242189971443	0	0	0.0606090391033944	1.06924687574492	0.766593343449267
value...10	0	0.173476199053062	0	0.0984104256284702	0	0.200881083579205	0	0.00672268622017873	0	0	0.134342631808328	0	0.0493627732405499	0	0	0.0272332538295019	0.0112332489927451	0.149685915734659	0	0.111102969415507	0.153158707322766	0	0	0.271934545536607	0.974634277861215	1.11560989482497
value...11	0	0.235589366237457	0.017190839585387	0.275023161754845	0	0.239082128198983	0.020996123907231	0	0.00519928982984634	0	0.190163103441189	0	0.0595533017717061	0	0.018737035154337	0.0304746959327009	0	0.143025347565371	0	0.0844446571890181	0.16550560488197	0	0	0.481058202761005	0.875083600689916	1.48498465545004
value...12	0	0.224672053975706	0	0.149724003779205	0	0.184943797111104	0	0	0	0	0.184139984770394	0	0.0958503693178644	0	0.00147323500223958	0.0350126220428858	0	0.124874596637726	0	0.124819185893127	0.183893881853931	0	0	0.375048693694426	0.928058520203321	1.30940373038418
value...13	0	0.127351833122561	0	0.198311101944022	0	0.116664355870748	0.0399580995481483	0.0223026061810852	0	0	0.171654464654198	0	0.0829910772191014	0	0	0.0400178076500452	0	0.166914598696735	0	0.111666638637868	0.154790221028544	0	0	0.282646923161876	0.972231992041762	1.23262280455305
value...14	0	0.0767791403824648	0	0.162303320652443	0	0.283258705044502	0.0132179495035733	0	0	0	0.233667245042097	0	0.0827512338146615	0	0	0.0285621033022455	0.00701906051716851	0.170236818666683	0	0.133264113096307	0.189458811827633	0	0	0.376581948497038	0.930779605003502	1.38051850184978
value...15	0	0.170587249499021	0	0.440781460599115	0	0.0374134230013142	0.066518572409391	0	0	0	0.405058325944386	0	0.0944359441791337	0	0	0.0667157925331603	0	0.189182165952651	0	0.172286374893379	0.269268316144854	0	0	0.557080793550828	0.830305912449238	1.9122476251564
value...16	0	0.123991183928995	0.00972546594645744	0.160042496066531	0	0.076517371698904	0	0	0.0217759626341247	0	0.295123729548429	0	0.0894703880196681	0	0	0.0361521749518831	0	0.104679107908654	0	0.169669213585309	0.114407149045692	0	0	0.388774645345041	0.928234592817177	1.20155424333465
value...17	0.0349889694073171	0.302510804114691	0	0.552095195255869	0	0.124249731184902	0.0766725216910047	0	0	0	0.454844567959106	0	0.12792239140393	0	0	0.0794136229853921	0.0034573958138841	0.307657154132679	0	0.191395570208298	0.236430260745533	0	0	0.616137092741412	0.795587059941739	2.49163818490261
value...18	0	0.168858781849386	0	0.193446399034585	0	0.259427738146367	0	0	0	0	0.395625342875603	0	0.111694360188079	0	0	0.122222623189779	0	0.202661087741736	0	0.231117130445881	0.156821486724224	0	0	0.55563080218557	0.832943039245885	1.84187495019564
value...19	0	0.286174718801326	0	0.186792277798505	0	0.140923739729035	0	0	0	0	0.35214035544553	0	0.119467438662713	0	0	0.0385507617167142	0	0.210520883039681	0	0.150381190691659	0.143910846895765	0	0	0.49735746945922	0.866099087404417	1.62886221278093
value...20	0	0.198744214681122	0	0.0873487094167661	0	0.0685532605998701	0	0.0360176836438326	0	0	0.0761804448677987	0	0.106040025478388	0	0	0.0768654679738308	0	0.190781161162136	0	0.106614990801892	0.181687423746749	0	0	0.288866674748182	0.961758772142124	1.12883338237239
value...21	0	0.194013017097271	0.00700014597136886	0.0511319693929171	0	0.221454245392972	0.029269877452072	0	0	0	0.163533808033377	0	0.0470278031835395	0	0	0.0804010553052633	0.0142514098454586	0.219732404362277	0	0.1353517012202	0.172525309597452	0	0	0.379009669749646	0.924196418672397	1.33569274685417
value...22	0.0134423023289445	0.181094997002683	0	0.399994142331198	0	0.172423308456048	0.0123989943520682	0	0	0	0.250544110092594	0	0.146688845851959	0	0	0.125792687840997	0.0405737755705609	0.262310827258964	0	0.173322442879477	0.246712061173175	0	0	0.520255168018946	0.855944150891901	2.02529849513867
value...23	0	0.15286379276345	0	0.0765084877044159	0	0.201091672401234	0	0	0	0	0.159116908184407	0	0.0415528807159104	0	0	0.00504056128063157	0	0.0918033931084324	0	0.0956935632878529	0.115396624401224	0	0	0.182852342115295	1.02470979285885	0.939067883847558
value...24	0	0.177275355339616	0	0.171846583735949	0	0.0777744187931118	0	0.0392485305447995	0	0	0.0337639020439024	4.71010100396736e-05	0.0870420050300878	0	0	0.09610846088905	0	0.148716763587521	0	0.107274343551989	0.12966194981444	0	0	0.191480431819368	1.00280658088523	1.06875941434051
value...25	0	0.100773889064537	0.0617674243334876	0.131281052416782	0	0.111863978405183	0.0234012785771361	0	0	0	0.0915853479281468	0	0.0355093888802268	0	0	0.000344421556111318	0	0.112567374655146	0	0.0837744180224949	0.100506769551492	0	0	0.11109310898472	1.04819002796687	0.853375343390744
value...26	0	0.314520155978918	0	0.417764901433945	0	0.0474191724218477	0	0.0168377715301729	0	0	0.113202058136041	0.0120732109013872	0.0682801927369291	0	0	0.05722784076729	0	0.17846672373892	0	0.0981092806236346	0.219277999101109	0	0	0.525665471003973	0.851218928994397	1.54317930737019
value...27	0	0.102996505066699	0	0.273430633525439	0	0.130051474190113	0.0780507527059935	0	0	0	0.231667771367818	0	0.0724427000318565	0	0	0.0732710670778942	0.0440615155864599	0.146991890005003	0	0.133171793797403	0.198552894618314	0	0	0.423160313126938	0.905282102161503	1.48468899797299
value...28	0	0.207585264379901	0	0.0292687236903903	0	0.216558701934432	0	0.0176078219650028	0	0	0.0603526129919982	0	0.0599027156233204	0	0	0.013678880304447	0	0.208298578380641	0	0.104673009284058	0.226254369148661	0	0	0.320933683570043	0.950213222976413	1.14418067770285
value...29	0	0.169078402456305	0	0.0111138361889806	0	0.0766887757393722	0.00616812857529383	0	0	0	0.0659793705278855	0	0.0850276458110405	0	0.00207889132491843	0.0301268598403028	0.0120964249602747	0.189600752098577	0.0443209676400338	0.0488481708145127	0.195738664081727	0	0	0.202594730591689	0.996138150605277	0.936866890059225
value...30	0	0.16902150640581	0.0263612588860811	0.0245329988045739	0	0.0228602431711414	0.0277573094691518	0	0	0	0.144289337070256	0	0.0361737567743154	0	0	0.00431259741216978	0	0.146832247427898	0	0.164150107352491	0.0760032946068436	0	0	0.0858467991216272	1.06361547703678	0.842294657380731
value...31	0	0.194039101820607	0	0.276628398161833	0	0.157760041027655	0.0312135528540022	0.00782532345915525	0	0	0.327209994018151	0	0.0796116153378005	0	0	0.0542124539671874	0	0.192495816219887	0	0.197838896656718	0.138925886278689	0	0	0.51429548107926	0.856320523993153	1.65776107980168
value...32	0	0.30736975711385	0.00168918730252497	0.270806199396288	0	0.136776402004189	0	0	0	0	0.287596200397291	0	0.0684817698265563	0	0	0.0525065808323188	0	0.144102989257803	0	0.112759638286947	0.153716791630559	0	0	0.491877340121832	0.869166022515797	1.53580551604833
value...33	0	0.157547796181795	0.00147503398346202	0.216543407606039	0	0.136374859521798	0	0.00133474461207352	0	0	0.203107583747651	0	0.0823279099941085	0	0	0.0463982343074167	0.00758547561183683	0.093203660029147	0	0.118473220542237	0.0888116407590064	0	0	0.279475420919113	0.981383748018988	1.15318356689657
value...34	0.0623029430160782	0.0658626064164515	0	0.0404599374426775	0	0.125187261970203	0.0210750064732936	0.00208997360428181	0	0	0.0654918122824573	0	0.061439927466673	0	0	0	0.106920358932765	0.208922100778668	0	0.0739995816857531	0.143111256274568	0	0	0.167423562197339	1.00902727503256	0.976862766343871
value...35	0	0.248248260616498	0	0.216171889709356	0	0.160370638250503	0	0	0	0	0.113200908729691	0	0.0947544828196131	0	0	0.0267686400273874	0	0.227302564037202	0	0.140529987077411	0.188532849683863	0	0	0.403280740244108	0.913642730875614	1.41588022095152
value...36	0	0.161683091830193	0	0.307866440621861	0	0.071542059207019	0.039208940838373	0	0	0	0.207672875689349	0.0187730158179061	0.0773492055603948	0	0	0.0342631725052984	0	0.10646016327504	0	0.103152161522243	0.164614212233404	0	0	0.411798596537282	0.914412724396392	1.29258533910108
value...37	0.0323851836439607	0	0.12183859759752	0	0	0.089632681718469	0	0.0257402587991299	0	0	0	0.0442058748062853	0	0	0	0	0	0.257688430293196	0	0.0330203774549947	0.0300325140843037	0	0	0.013701876167459	1.10578406618768	0.63454391839786
value...38	0	0.129461173663951	0	0.321672718479117	0	0.0902756704761128	0.0252086498279952	0	0	0	0.320619496787533	0	0.0900836067115359	0	0	0.0539664570045437	0	0.105654159964448	0	0.11202789241331	0.112486729402053	0	0	0.440212590108834	0.903124850502837	1.3614565547306
value...39	0.0183549949961091	0.0639894783966041	0	0.313661467913748	0	0.0918981854645972	0.052347786969146	0	0	0	0.172102237598327	0	0.0501976988586129	0	0	0.0849561571406108	0.0360586267914432	0.185862492504195	0	0.122375870363525	0.204463978731327	0	0	0.384821164423633	0.92398981561048	1.39626897572825
value...40	0.00428133353242877	0.135267125059125	0	0.288833930636299	0	0.1558400593748	0.0774185380170739	0	0	0	0.109375912642567	0	0.0547170663741319	0	0.00183543660583946	0.0175454491768773	0	0.147067154651179	0	0.0884596791888835	0.195256152262662	0	0	0.395236984940861	0.919760472185159	1.27589783752187
value...41	0.0772448814912844	0.158478547846072	0	0.334826504819025	0	0	0.131119930271055	0	0	0	0.309869817209733	0	0.0359657402112592	0	0	0.0162826736582791	0	0.220694643596204	0	0.078491964202537	0.224127001232923	0	0	0.53085678883986	0.846430946581721	1.58710170453837
value...42	0	0.0382455504290057	0.0810585980307374	0.0334809802749809	0	0.124539477714303	0.00396360666205557	0	0	0	0.0300561854457201	0	0.0369169923976478	0	0	0.0382711868515365	0	0.145316961356843	0.0316387878177508	0.0788701059611932	0.126796872035186	0	0	0.0886860516547576	1.03825862390694	0.76915530497696
value...43	0	0.222812756981304	0	0.101740927509911	0	0.205012404645657	0	0	0	0	0.109274385201602	0	0.0674690496036798	0	0	0.0494289913846315	0	0.150016593027103	0	0.103004708889227	0.142763814636272	0	0	0.317479987082127	0.9528573637017	1.15152363187939
value...44	0	0.192902811145669	0	0.0581357985921312	0	0.134843626049311	0	0.0730775479228321	0	0	0.00550900349930179	0.00772186060529684	0.0833368042149871	0	0	0.0117127845530394	0	0.258241525813016	0	0.129120516978938	0.124160999322429	0	0	0.246443212746834	0.982298092887205	1.07876327869695
value...45	0.015618414000798	0.224652907172419	0	0.405645726717006	0	0.14657218155538	0.0418225995984964	0	0	0	0.343216274279385	0.0039535759572891	0.0563270593293271	0	0	0.0398917126591979	0	0.171625969228491	0	0.0719104173237487	0.199646441774894	0	0	0.542986162508148	0.838780964666395	1.72088327959643
value...46	0	0.177986161331631	0	0.257586437311453	0	0.0677819424879367	0	0.0015982311589012	0	0	0.183802222638991	0	0.0849762057736475	0	0	0.0426882909926496	0	0.154625914162066	0	0.184324859019277	0.140168491342633	0	0	0.37591312957671	0.928874093332437	1.29553875621919
value...47	0.0923228382835212	0	0.126290813973492	0.472594883747711	0	0.150498346880928	0.145862396620938	0.00977576182806082	0	0	0.328904193933615	0.0358182206659236	0.0286782535913982	0	0	0.022330805201717	0	0.0686655417872588	0	0.101189630006257	0.161755771619805	0	0	0.569317837136448	0.821124201272947	1.74468745814063
value...48	0	0.128228130847818	0.0153928325212572	0.289643949786674	0	0.0561167066272575	0	0	0.0357354526765397	0	0.319493366267158	0	0.0514497579401626	0	0	0	0	0.0442440178781475	0	0.0767949495628671	0.125858909943784	0	0	0.396390994926609	0.941146402757145	1.14295807405166
value...49	0	0.112991573777282	0	0.174620707322338	0	0.180985603693208	0.0485737689570191	0	0	0	0.216955321436326	0	0.0491627938996411	0	0	0.0733819102423041	0	0.166724967792209	0	0.127083083705733	0.154538937987656	0	0	0.34229737360531	0.946066937516725	1.30501866881372
value...50	0	0.126462850218185	0.0368304057061068	0	0	0.0867073645148867	0	0.0117808864273033	0.0170401452843981	0	0.0150756499048253	0	0	0	0	0	0	0.196648818639381	0	0.126908096630809	0.124190358499459	0	0	0.0515867541026977	1.07001488053594	0.741644575825354
value...51	0	0.309534851938813	0.014382754530656	0.295273566147298	0	0.3233296752056	0.015851822067791	0	0	0	0.104619258664436	0	0.0898973282498942	0	0	0.0653029137067264	0	0.288495753591573	0	0.128865613869979	0.261541058335608	0	0	0.528708459455933	0.851856097188639	1.89709459630837
value...52	0	0.152607725207503	0.00223372077471065	0.0371020605519122	0	0.208395454926417	0	0.00218025242226204	0	0	0.136192764433544	0	0.0698320015044651	0	0	0.0156014016251852	0	0.125874055396272	0	0.154011993506504	0.0979885258490163	0	0	0.161401478552089	1.02357947570008	1.00201995619779
value...53	0	0.257971166429317	0.0321687827277332	0.375551765840141	0	0.0727370227785632	0.102041013758408	0	0	0	0.327974890966669	0	0.0511342572198209	0	0	0.094892359215756	0.051269062915348	0.181915221416499	0	0.118301661028855	0.277726472667592	0	0	0.547593364809368	0.839086485088298	1.9436836769647
value...54	0	0.20626862791123	0	0.249655409249932	0	0.20953792176897	0.0131571507481176	0	0	0	0.356690769229411	0	0.0947951068781783	0	0	0.0306483985595871	0	0.172443209467708	0	0.182808746313205	0.158029476279681	0	0	0.506640876546713	0.860744875839264	1.67403481640602
value...55	0	0.178099881625421	0.000210112020010017	0.191451920975601	0	0.0697498197631627	0	0.015583353756259	0	0	0.0569789212019081	0	0.0581392860258315	0	0	0.016007776820761	0	0.123322579753602	0	0.136009693436429	0.0960118432727389	0	0	0.149650403414249	1.02955533724819	0.941565188651724
value...56	0	0.194460355782079	0	0.289710863583146	0	0.0832435172116107	0.0818790123625787	0.000729067889526387	0	0	0.100000499838886	0	0.0824541404162848	0	0	0.0467888300578412	0.0359281064086488	0.231207834559412	0	0.123314314681717	0.254170298072909	0	0	0.435157326974263	0.898673488223049	1.52388684086464
value...57	0.0676454354303075	0.126012133884453	0	0.611708764775178	0	0.0357858271472753	0.0755894707873601	0	0	0	0.274934309513952	0	0.0674768666672104	0	0	0.0478001358058488	0	0.154306335221398	0	0.15602576233975	0.20795861020742	0	0	0.510060635985486	0.859182490054901	1.82524365178015
value...58	0	0.168280753868853	0.0131609718264783	0.111232157191686	0	0.247662302748451	0	0.0055463685476865	0	0	0.0900910146514653	0	0.0566222346984401	0	0	0.00815759838960361	0	0.132764230976574	0	0.106501818278572	0.216893238747151	0	0	0.320219489025675	0.953171430054602	1.15691268992496
value...59	0	0.16720073169799	0.02221472439864	0.184276605825355	0	0.246333992591203	0.0072209904660271	0	0	0	0.135497996452606	0	0.0277452788258681	0	0	0.0145161199486448	0	0.137214201688998	0	0.113726072324697	0.173799328576376	0	0	0.310874242826737	0.962129029433743	1.22974604279641
value...60	0	0.234916963171919	0	0.304138430381232	0	0.124075132809493	0	0.0123038845445153	0	0	0.0354718973595538	0	0.049224052409761	0	0.0204775174315894	0	0	0.103684644366983	0	0.0756164743801222	0.166638101823421	0	0	0.327649128252586	0.955552191703774	1.12654709867859
value...61	0	0.159144216636294	0.0105513031268996	0.0953785120206945	0	0.117080490359581	0	0	0.0074998927764623	0	0.0564745082558357	0	0.0473435230955087	0	0	0.00337069382890943	0	0.142564804893438	0	0.13739839787457	0.0840679303004498	0	0	0.0882682921578969	1.05219617968224	0.860874273168643
value...62	0.0033928268700705	0.113891595803326	0.00292267761696281	0.15075335522902	0	0.220655338202514	7.62255365971425e-05	0	0	0	0.101568640862844	0	0.0312783006335817	0	0	0	0	0.181489076729912	0	0.0763501428652298	0.174753611430114	0	0	0.247488277980802	0.991213989952672	1.05713179178017
value...63	0	0.17003191953452	0	0.042253188538088	0	0.138991734266495	0	0.0083054458157325	0	0	0.098008917887191	0	0.0439234589526971	0	0	0.0161627521545239	0	0.148140549801174	0	0.128229425092649	0.102727782343275	0	0	0.113376345597608	1.04015386683409	0.896775174386346
value...64	0.06304473143188	0.0988097527924302	0.0453997979256775	0.617400222185216	0	0.341083511082319	0.10049233146427	0	0	0	0.216661476440901	0.0191379679950738	0.102370359876158	0	0	0.0205809176229093	0	0.19282737218119	0	0.127451518762354	0.179418213841677	0	0	0.565864425261067	0.823919995361447	2.12467817360206
value...65	0	0.137160047917944	0.00675646708451368	0.1443824736116	0	0.229615907821858	0	0	0	0	0.0818322111468	0	0.0488784706606027	0	0.00709862028875726	0.0149217818666548	0	0.101576516699411	0	0.103700291781734	0.153389534946572	0	0	0.260790047887586	0.983566122218732	1.02931232382645
value...66	0	0.218303178403172	9.80510616743384e-05	0.168300838153704	0	0.120575571974131	0.00889908590484371	0.0203388299193312	0	0	0.140853500651074	0	0.0409488711198718	0	0	0.0575116128992206	0	0.276583294642603	0	0.135384136132343	0.157849763152448	0	0	0.359841239817633	0.933724825046189	1.34564673401442
value...67	0	0.314667873966665	0.0324729737473027	0.207738874482803	0	0.211897698933385	0	0	0	0	0.144939428954036	0	0.0437582201781504	0	0	0.0212435132111424	0	0.289102914703651	0	0.0795893974376942	0.182183823649132	0	0	0.465707004053328	0.883239634653503	1.52759471926396
value...68	0	0.43699672549679	0.0368710315787171	0.39106232617005	0	0.132576614288169	0	0	0.00648271200658049	0	0.301229307017163	0	0.129067195682003	0	0	0.169983925205083	0	0.308037951788979	0	0.198582684943202	0.253917178790621	0	0	0.551154626261421	0.840446449746174	2.36480765296736
value...69	0	0.252205170140674	0	0.378616819467483	0	0.252864273180032	0.069791178731792	0	0	0	0.478976219791892	0	0.11369450077195	0	0	0.0501257432367186	0.0563913030390649	0.151823007867234	0	0.173188249485654	0.204347992533787	0	0	0.590372276311874	0.809192636504524	2.18202445824628
value...70	0	0.251292995208258	0.0187066579964682	0.236756988860179	0	0.286379208913214	0	0	0	0	0.26032581284507	0	0.0813726998627206	0	0	0.0908781276446233	0	0.240063930990987	0	0.175528598607326	0.18505776045513	0	0	0.509126954815993	0.860803943958408	1.82636278138398
value...71	0.0423162901149189	0.015637613826259	0.0564154490893548	0.114543706933136	0	0.170076744885293	0.0584088643357718	0	0	0	0.0635273669526348	0	0.0501657096972493	0	0	0.0210975792621887	0.0214640928800416	0.204516848455079	0.0656794204730985	0.0586707413793814	0.0964061353298395	0	0	0.168986363388229	1.01014760865182	1.03892656361425
value...72	0	0.183986383052753	0	0.293551128203781	0	0.138416360189085	0	0	0	0	0.164621545429938	0	0.0897517652178234	0	0	0.0304409189181709	0	0.101400295089695	0	0.149077139271868	0.103784532379763	0	0	0.341070094220382	0.949844479421315	1.25503006775288
value...73	0	0.16300551306802	0	0.174899755344653	0	0.236761766040532	0.0226808991734311	0	0	0	0.192437869077122	0	0.0704201679602285	0	0	0.0341142018992042	0	0.109858431648105	0	0.103601833919812	0.165979655369296	0	0	0.354736938519057	0.941053876488738	1.2737600935004
value...74	0	0.250152068418218	0	0.100177069749881	0	0.274781694308633	0	0	0	0	0	0.0109508325910594	0.0522194265616921	0	0	0.0628859778019491	0	0.245878979496455	0	0.0612021798532138	0.193461837292835	0	0	0.361729009702185	0.933061217363153	1.25171006607394
value...75	0.0450761642942194	0	0	0.297048405545355	0	0.189022364075496	0	0	0.0115970643345632	0	0.44719126749037	0	0.0748080299007102	0	0	0.0839230484355672	0.0845463048050003	0.123736315751043	0	0.307623798625739	0.202454767057726	0	0	0.533098884293216	0.844738982717913	1.86702753031579
value...76	0	0.186372783129826	0	0.14181197729877	0	0.134344252524866	0	0	0	0	0.192021307336995	0	0.0646915813883772	0	0	0.0288223750903201	0	0.12788464388538	0	0.0868199911718741	0.136410911334175	0	0	0.295865117499665	0.968777417507339	1.09917982316058
value...77	0	0.208941151059305	0.00848186597575026	0.161222456330369	0	0.147129126840846	0	0	0	0	0.0946749191070537	0	0.0603252948062682	0	0	0.0276973040516073	0	0.19162689615191	0	0.117077719319088	0.122549347495843	0	0	0.256999514869573	0.980639712267495	1.13972608113804
value...78	0	0.120890537300853	0.0211233053056269	0.188266882983002	0	0.204926636215812	0	0	0	0	0.23369895550108	0	0.0642460038875367	0	0	0.0258200061078156	0	0.161049993656308	0	0.137060589020038	0.141629156255706	0	0	0.363204505218252	0.938144542922685	1.29871206623378
value...79	0	0.111975205072428	0.0238656384584803	0.152443038943358	0	0.174640323413102	0.0208291319191288	0	0	0	0.221771615049103	0	0.0530322281625103	0	0.00834123297244052	0	0	0.098911461018263	0	0.0927868917329115	0.144071215446476	0	0	0.310087174796353	0.968677727525434	1.1026679821882
value...80	0	0.270977487600886	0.00836922156698244	0.0416148344211919	0	0.114175140561535	0.0142361059657424	0	0	0	0.10593459686926	0	0.07053596059643	0	0	0.000752544953207631	0.152372764008286	0.289592012137415	0.015272017552718	0.0417677636561942	0.175160570664811	0	0	0.384603605367596	0.921529592688853	1.30076102055466
value...81	0.148052969754453	0.0599193286307295	0	0.509763181104348	0	0.244141917338401	0.0902512731839372	0	0	0	0.380790964757715	0	0.131541316538542	0	0	0.0844735702737638	0	0.173072048958272	0	0.180728799778402	0.224020189582263	0	0	0.625105511870398	0.787757075842777	2.22675555990083
value...82	0	0.205959836388831	0.0792810611006134	0.48177615436427	0	0.137252704343194	0.151427581366554	0	0	0	0.167595533745695	0	0.0489697630896659	0	0	0.00500614116016123	0.0259297172514257	0.178975091484732	0	0.0885287627249384	0.183258630474059	0	0	0.568274128187999	0.825005257195061	1.75396097749414
value...83	0	0.289318108319915	0	0.234560561206165	0	0.184574141606109	0	0	0	0	0.234353681320898	0	0.122617170600724	0	0	0.208126302328842	0.0101242476133391	0.262194317400178	0	0.182799513792289	0.233896392107929	0	0	0.473321063902838	0.880957677969424	1.96256443629639
value...84	0	0.32357766083552	0.0178117821269652	0.126294248875046	0	0.272963093953177	0.0201472606029966	0	0	0	0.330655069988184	0	0.116323245116971	0	0	0.0612562610236718	0	0.234785700747129	0	0.186477953932687	0.231465859887006	0	0	0.559924905497796	0.83447455364885	1.92175813708935
value...85	0	0.137870622455738	0	0.251534476090813	0	0.0506776658988484	0.0499778896899143	0	0	0	0.34837627338702	0	0.110949041992152	0	0	0.0526982445034007	0.0623776945861744	0.152592189423343	0	0.190790313473159	0.230931602936488	0	0	0.481876173562446	0.87458909542844	1.63877601443705
value...86	0	0.177400104707239	0.0205684081858467	0.243274461814087	0	0	0	0	0.0118142784883605	0	0.241845671271287	0	0.0453747158463463	0	0	0.00160174641447346	0	0.115677059872788	0	0.114874890294311	0.130661010543767	0	0	0.273841538960088	0.991577544576676	1.10309234743851
value...87	0.0516040718741681	0.138424207938624	0	0.440258669451514	0	0.25998901351766	0.07612684018595	0	0	0	0.465042539897732	0.00315797245747071	0.0753386266829216	0	0	0.0484398273072565	0	0.141103990668193	0	0.150346057293789	0.265935359286813	0	0	0.664814604604926	0.755403610258412	2.11576717656209
value...88	0	0.256231711032229	0	0.347955399063948	0	0.0982392526411015	0.0105761378709073	0	0	0	0.266123158379573	0	0.11230477683651	0	0	0.0596021158751645	0	0.242572457125591	0	0.193029458383386	0.188954690963831	0	0	0.51231425044616	0.858623195314411	1.77558915817224
value...89	0	0.171378767285125	0	0.0994150135979054	0	0.219371205393588	0	0	0	0	0.156964491223999	0	0.0451059340839435	0	0	0.00904298442144995	0.00151417168447583	0.151584027057236	0	0.112039992526912	0.160401321926392	0	0	0.300527648011443	0.964454598181399	1.12681790920103
value...90	0	0.213233800035179	0.00602442905751502	0.0994389507773427	0	0.270525298090806	0	0	0	0	0.0519599167536702	0	0.0979901661597323	0	0	0.117057216113776	0	0.28728629702233	0	0.101477658730561	0.175831745637641	0	0	0.348564798658733	0.937115264909065	1.42082547837855
value...91	0	0.187715654361168	0	0.0349000832303984	0	0.290450928231271	0	0.00471492009011294	0	0	0.111006586861439	0	0.0539340839744433	0	0	0.0488219685006664	0	0.125884082194387	0	0.124237807156727	0.13530678116356	0	0	0.268580198293464	0.975237583295316	1.11697289576417
value...92	0	0.286108453106046	0.021440047583796	0.101454424266	0	0.292158146164416	0	0	0	0	0.0720222587650557	0	0.0902089298248871	0	0	0.0544196239346518	0	0.190388743389213	0	0.0762983289678586	0.208554151898333	0	0	0.409478081618195	0.910650177349323	1.39305310790026
value...93	0	0.148839107985038	0	0.214713516549757	0	0.136872167632405	0	0	0	0	0.104091624452828	0	0.0862704463231093	0	0	0.0169097086116575	0	0.139945966484082	0	0.131364943362754	0.149083317354287	0	0	0.251684722311826	0.985774983470275	1.12809079875592
value...94	0	0.235065098879303	0	0.0903402310962366	0	0.143539868797106	0	0	0	0	0.201974425727383	0	0.0830499613293315	0	0	0.0167435454331711	0	0.164959110504269	0	0.15465938003533	0.111298262304117	0	0	0.304248248284683	0.962200638029353	1.20162988410625
value...95	0.0164247780079132	0.211669682382183	0	0.501239483477794	0	0.166679832015293	0.0816769453029095	0	0	0	0.331068124104402	0	0.100038802433721	0	0	0.0399575126302855	0	0.219533545770022	0	0.140245399799266	0.19838304808571	0	0	0.554364616630974	0.832189947634189	2.0069171540095
value...96	0	0.273869899939588	0	0.164345821872774	0	0.228982226165963	0	0	0	0	0.192395681724462	0	0.112991335408994	0	0	0.0568009892679772	0	0.169232561400667	0	0.161022749523949	0.171604700325413	0	0	0.408812802250583	0.911274585442912	1.53124596562979
value...97	0.00883560450349583	0.196318141899443	0	0.391057351043069	0	0.1935584194612	0.0365025394909121	0	0	0	0.276903070000017	0	0.0421911595311682	0	0	0.0389494090301209	0	0.18505379601637	0	0.0998240957473466	0.2482542943806	0	0	0.53762297063414	0.84243124003699	1.71744788110374
value...98	0	0.283103653738377	0.00906511959154845	0.00298596280137543	0	0.192850407302649	0	0.0239382341498631	0	0	0.0310049015803165	0	0.0668349613864802	0	0	0.0386754122800727	0	0.195864432444267	0	0.10531354112735	0.16941866378398	0	0	0.307392208349611	0.956703692293817	1.11905529018628
value...99	0	0.182094749950316	0.0394779811883233	0.233220701664323	0	0.0651825984483953	0	0	0.015545075732605	0	0.329279469859393	0	0.090223809540084	0	0	0.0341684699084435	0	0.123140798366793	0	0.157783457653912	0.147864284918433	0	0	0.447426843093415	0.894893115038742	1.41798139723102
value...100	0	0.201193812677441	0.0101950297514873	0.152097666064682	0	0.25701068933271	0.0718526240440844	0	0	0	0.0427252525978711	0	0.0430269151738096	0	0	0.0240821589164139	0.0788149788998978	0.259172431048673	0.0255744556392649	0.0929139771029459	0.177646192663534	0	0	0.378606264375449	0.924276999875884	1.43630618391281
