Mixture	B	Endothelial	Fibroblasts	Mono/Macro	Tprolif	CD4Tconv	CD8Tex	Malignant	P-value	Correlation	RMSE	Absolute score (sig.score)
value...1	0.229908670842709	0.017144027319738	0.0501853846309647	0.0328713890321391	0.558718121160099	0.497235699065337	0.253997882279935	0.849139619420673	0	0.905569556762754	0.574509336140291	2.48920079375159
value...2	0.217210581977087	0.340695082893119	0.0457284011965403	0.359757999189436	0.109053877108613	0.643499870074344	0.252476006412038	0.592048499791647	0	0.899778487813718	0.599261955308692	2.56047031864282
value...3	0.058583100011371	0.249601097516476	0.31267104896765	0.0966447716787798	0.892147216561351	0.545687218626293	0.503097990525382	0.0120463124639346	0	0.902612480400197	0.539357638390735	2.67047875635124
value...4	0.0746930616553339	0.0648308392987123	0	0.257585071448963	0.552499266368282	0.378380157204347	0.187383425143522	1.01891414827778	0	0.894822690559686	0.583308748020921	2.53428596939694
value...5	0.193703904890358	0.3233868612217	0.173756354293736	0.0942857110399534	0.438784811242794	0.378834526823097	0.0917784539725759	0.893001222345365	0	0.87065711145446	0.629242318573149	2.58753184582958
value...6	0.407877883267075	0.376660390998127	0.483401718334927	0.143840554091183	0.112677077494419	0.309959863823547	0.486878394145682	0.358528290880408	0	0.850309735810232	0.610344796863021	2.67982417303537
value...7	0.0709395743684473	0.0424712961941828	0.289902670838568	0.00147630878993917	0.439212658587696	0.218066722813484	0.171036269819	1.33669288591733	0	0.858655852435328	0.584156683803635	2.56979838732865
value...8	0.104292023881134	0.0132664777458169	0.190753857484966	0.0252339389098894	0.274071078256653	0.249111525631	0	1.62221513019508	0	0.872317096482528	0.539805434129597	2.47894403210454
value...9	0.0512478347119608	0.133928533231851	0.134676711432288	0.328574058690371	0.53428846119399	0.308102298288008	0.0714800399090636	1.02434324939284	0	0.876897319943583	0.607642199662687	2.58664118685037
value...10	0.180759413983908	0.132083201353451	0.076207686311457	0.081645375933798	0.218009949681065	0.364691478116531	0.246800322760141	1.18609854363097	0	0.88151270330626	0.582089884364939	2.48629597177132
value...11	0.0106240948639319	0.389050217108383	0.146893865702812	0.291431340336981	0.1297794679153	0.311580469815257	0.163319273254042	1.15689928172624	0	0.872885348812925	0.590707782443765	2.59957801072294
value...12	0.0828185310150368	0.121968628117711	0.111918242753042	0.00688519865989871	0.14072259738271	0.125071217268729	0.00774034477745809	1.86921834237689	0	0.872130834154935	0.5135581088095	2.46634310235148
value...13	0.0610081351399105	0.0194865608079488	0	0.0235897522067437	0.220422615132325	0.136688084585882	0	1.95175133028079	0	0.873735698419618	0.503897298164534	2.4129464781536
value...14	0.314960167388986	0.25455631853857	0.139269302897107	0.0222593658984832	0.301086223589017	0.371973890742953	0.39437982052135	0.774488216488952	0	0.891432863051448	0.599480721208482	2.57297330606542
value...15	0.0577227826531037	0.123451750272534	0.071073635934508	0.0699879921486567	0.362975195680622	0.208728162224032	0.0968686616529883	1.52760035256321	0	0.873498033485738	0.556942699597531	2.51840853312965
value...16	0.222366538870718	0.456477074642325	0.555114874344264	0.111492433251399	0.207744357346919	0.252380485212271	0.113004454276787	0.770763714465219	0	0.832663896454419	0.618389549851615	2.6893439324099
value...17	0.228761528927025	0.349288108144137	0.165056752647344	0.348320208704339	0.549734889674287	0.603843506618163	0.411573006707822	0.0254932591538073	0	0.911755214106041	0.552958771464762	2.68207126057692
value...18	0.00534944993120084	0.0301472674302454	0	0	0.108648177615646	0.0358548253264846	0	2.21930216037793	0	0.882474478135312	0.472667785102822	2.39930188068151
value...19	0.210549296620714	0.0752885651266482	0.39666953220309	0.437670422339337	0.828139191303135	0.540743190839827	0.162531569851572	0.0453412157891046	0	0.883579103942343	0.581506528621667	2.69693298407343
value...20	0.294394245066604	0.33804955744094	0.150102600584787	0.207816614279078	0.452123832754228	0.675801833094809	0.117093744971667	0.356560230623907	0	0.899196283094689	0.611069639911894	2.59194265881602
value...21	0.0251439770204349	0.0785754410368623	0	0	0.0888899490833869	0.0671310370413196	0.0206576176386472	2.13901301548646	0	0.876717795821975	0.486250147638038	2.41941103730711
value...22	0	0.27286617799847	0.112255777283207	0.396273520693352	0.553922546562172	0.558094300734285	0.435786706420681	0.325483528384531	0	0.914419863410538	0.563687276383574	2.6546825580767
value...23	0.332032501672439	0.268545526662837	0.0304094765363681	0.0625489782449554	0.444799949856209	0.211217819870989	0.0284478569742055	1.15424107348928	0	0.865070287436018	0.615669643786373	2.53224318330728
value...24	0.964080815177666	0.121310269570644	0.0940171334262082	0.190786578562018	0.101291760878889	0.469354445989093	0.581460015729157	0.0270405340940308	0	0.916350158266256	0.489316986310978	2.54934155342771
value...25	0.367781239123641	0.131008912201569	0.097599597904915	0.354422277911968	0.156432945542396	0.117357477624541	0.259815004350622	1.07764123634431	0	0.877706279543741	0.591725545892822	2.56205869100396
value...26	0.058368861494042	0.372486570689178	0.0862424965637483	0.100640362346103	0.33071080590447	0.830846188676862	0.466027914918418	0.291636449756162	0	0.905726163789105	0.562728001456966	2.53695965034898
value...27	0.0579782645981244	0.155526799944055	0.0239233453595892	0.00385136100818341	0.418851754161706	0.244524030873665	0.22520905120017	1.382325745187	0	0.879169429025444	0.566133767141176	2.51219035233249
value...28	0.225948181022064	0.184478786896098	0.271498693836166	0.194926114118594	0.143946524848252	0.168603053192062	0.0059552354603161	1.3840467879147	0	0.859734845882847	0.577271965139267	2.57940337728826
value...29	0.00190788772707566	0.0741709023980944	0.23103669861098	0.0461086803222449	0.479293777273409	0.27237562640219	0.181812402365767	1.2597371251892	0	0.866612409559709	0.585799967917786	2.54644310028896
value...30	0.309498312888728	0.435677609667247	0.111186683756174	0.300702343291457	0.496689575129347	0.823118748955676	0.0675521756462537	0.0633699205890447	0	0.898010667396791	0.592865981997995	2.60779536992393
value...31	0.201947401013219	0.460710971848058	0.0606883605048075	0.255086688566069	0.783878818432367	0.521271910905424	0.152448815500635	0.214823548897137	0	0.905187964552297	0.602549903546046	2.65085651566772
value...32	0.21467897011632	0.299104907951354	0.123478120129308	0.35907472832417	0.377275497635464	0.560892969103533	0.14395655760627	0.532574630915368	0	0.900240533144188	0.611177794825112	2.61103638178179
value...33	0.0654103319747115	0.109882951602295	0	0.196278413387352	0.409030176117037	0.315397140964772	0.154168763090374	1.26153181546021	0	0.876091414864196	0.582403986993393	2.51169959259675
value...34	0.285080103263949	0.532378581941357	0.402725370765328	0.465963384581573	0.406049569575702	0.301499198560701	0.37661468686396	0.0126783792208015	0	0.869016245053033	0.594753155418431	2.78298927477337
value...35	0.00201824087495186	0.0255134437847329	0.285356758987536	0.402113110013044	0.277758628329098	0.394098209541167	0.363717263608922	0.871224934177813	0	0.88310323614586	0.583321059191393	2.62180058931727
value...36	0.248251929476523	0.341890365632638	0.00735502170695417	0.353742225218036	0.150840001093396	0.444281539536036	0.155559448245403	0.877945030090312	0	0.885683287125157	0.609481096741872	2.5798655609993
value...37	0.0634344422152424	0.0861553866617612	0.158634949172573	0.12612051080908	0.146230244638621	0.19478429918225	0.0663874683339568	1.65789793906468	0	0.859718892069077	0.550230155060415	2.49964524007817
value...38	0.266165937589613	0.132952320779013	0.166421189234321	0.227120616196391	0.800462117393993	0.254589484730808	0.221861084617935	0.532910121366454	0	0.89756771966391	0.605999307560868	2.60248287190853
value...39	0.0827422358841066	0.227571959824727	0.145479165077439	0.203827332107921	0.0810852672874041	0.412634823144988	0	1.36953658983539	0	0.864679351838562	0.577875532036684	2.52287737316197
value...40	0.116102635252094	0.0943399427877047	0.127379410980576	0.13600747269217	0.249050038757633	0.197300503305834	0.0494930326768996	1.55626824728386	0	0.869565186600747	0.555426870462941	2.52594128373677
value...41	0.138567615401956	0.193628955940681	0	0.102658371196564	0.687820873284767	0.184217399279261	0.055255295514658	1.19352387291306	0	0.868708744133045	0.607759932180258	2.55567238353095
value...42	0.207136732560353	0.0443959779035839	0.214754990684185	0.15345601633093	0.175777645514508	0.308211547040201	0.0389021759403827	1.38662968255057	0	0.858321350181266	0.582216059848912	2.52926476852471
value...43	0.19255194575791	0.0131342303778273	0.0736832523846493	0.0679134814582154	0.376242180771048	0.373746220410399	0.208254322358286	1.19112562313309	0	0.883552018558606	0.578295947484291	2.49665125665142
value...44	0.393438113236641	0.422751919850526	0.0112431452022203	0.341474471913244	0.129922553265634	0.733486208723125	0.452420526414073	0.088284310613314	0	0.915973540314535	0.540143266243668	2.57302124921878
value...45	0.0985787706772337	0.124043556944084	0.0126576088127518	0.0595654378832116	0.264665334900508	0.0827022253442625	0.00385109639236429	1.84226043756969	0	0.869936301745669	0.524152524458258	2.4883244685241
value...46	0.411486539118143	0.453867686751804	0	0.452634153341179	0.688580640159816	0.34742299478958	0.121036406762546	0.197414182429094	0	0.898031266080394	0.602501259480262	2.67244260335216
value...47	0.153898524496321	0.0422678179343862	0.506507771849388	0	1.15033068761063	0.28015785155507	0.15788899602872	0.383975272794963	0	0.845400952476755	0.620247194367685	2.67502692226948
value...48	0.183994853952181	0.385341279820818	0.0250119854751869	0.52875128079569	0.197153963488613	0.519250409130636	0.244240686243617	0.529356871198716	0	0.901195705824923	0.595234459517466	2.61310133010546
value...49	0	0.328454582465792	0.190226474268036	0.220816646347955	0.158007193347796	0.330291209170388	0.241639718308282	1.14547118641861	0	0.871475850744448	0.592565125089136	2.61490701032686
value...50	0	0.0792869852469767	0.117213863523921	0.080953659918479	0.230511185466517	0.134756248039271	0.0764145907314741	1.78275238187995	0	0.868335718132977	0.528747104789261	2.50188891480658
value...51	0.204036248826496	0.0617636369215871	0.0663249153751487	0.221678134570781	0.111472077807244	0.247405664969846	0.131000600231801	1.4536129579208	0	0.870671918104933	0.562374689123172	2.4972942366237
value...52	0.061537109408333	0.119765673422351	0.109562438092885	0.315444136135127	0.492768621484077	0.241055278004446	0.111665508431314	1.1485976750695	0	0.875563239459839	0.597075072298129	2.60039644004804
value...53	0.0742287578138739	0.0659524683021745	0.039391061736583	0.0371514150971426	0.295679942269527	0.158080795034084	0.018715327862895	1.79864469185711	0	0.875534609385951	0.521506786041944	2.48784445997339
value...54	0.0620529817210832	0.157941720046354	0.107393078121992	0.191174794153799	0.191151406636418	0.189704979898686	0	1.63569398055301	0	0.868605076835793	0.546061709885845	2.53511294113134
value...55	0.0223912125957181	0.46243246936806	0.165472226542928	0.262842588137786	0.313095078433182	0.403859506057179	0.141286373045496	0.855826857645068	0	0.875993119454447	0.619095845586422	2.62720631182542
value...56	0.00983812729578966	0.0539495174108046	0	0.0489913827586795	0.16726243434857	0.104165591684724	0.00326792273102946	2.03698444371678	0	0.877877475793149	0.490658135490109	2.42445941994638
value...57	0	0.12046814779564	0.0344369384881791	0.0620851616302892	0.338354989455536	0.200239398651616	0.127334694246917	1.5981679412754	0	0.871322291237526	0.547333301329982	2.48108727154358
value...58	0.00514778033965362	0.0820797035633156	0.0258858367380257	0.00386220291646419	0.147702752806698	0.0268444061331527	0.00731006516564373	2.14221030643792	0	0.879312045647801	0.482163411771255	2.44104305410088
value...59	0.370227014699725	0.393985647951197	0.132506790093292	0.580723121766122	0.0879642346740885	0.155946496877241	0.0666844425543957	0.869812320612691	0	0.881761682138902	0.597413310244724	2.65785006922875
value...60	0.191057774817695	0.0625421487818656	0	0.114134138698858	0.416848731334808	0.297181245107238	0.126771855880569	1.25322847894847	0	0.874590277621585	0.584063200239537	2.4617643735695
value...61	0.0143314059472767	0.278350449455975	0.212749089876527	0.120248995349489	0.229743833458447	0.0933932961414779	0.0660202597268869	1.56407998979063	0	0.857730477224274	0.561969313955022	2.57891731974671
value...62	0.632697208296881	0.204764821652454	0	0.0383326729515455	0.3805609834614	0.344732384299762	0.4496591649877	0.460079216911508	0	0.913678354408584	0.554949776199899	2.51082645256125
value...63	0.000372153483440809	0.167870337738319	0	0.0735597106525204	0.133866444220691	0.140722302213773	0.148463757612076	1.80023413439039	0	0.869480499701267	0.524765128154453	2.46508884031121
value...64	0.374004610104877	0.0970076725211849	0.0693811506192496	0.396984048791238	0.382819353240837	0.414448516143006	0.395956625938235	0.46366955691433	0	0.913431195419603	0.563523447123012	2.59427153427296
value...65	0.402212989674415	0.206662576864091	0.396507806714463	0.395689516524339	0.780255700616494	0.37168386110404	0.145451663346614	0.0359141021596362	0	0.878366043190781	0.595262053530743	2.73437821700409
value...66	0.22985105056492	0.144266541783793	0.0820150075433454	0.085552151459902	0.371401108022536	0.329246004988061	0.132841081860979	1.14147031901603	0	0.871663655404668	0.603620191437065	2.51664326523957
value...67	0.0324480809324161	0.048241429340212	0.0308656042027904	0.00564547956385709	0.134540941083418	0.0590952460889511	0	2.12289629829674	0	0.882657608498286	0.477575126286094	2.43373307950839
value...68	0.355807507214561	0.0380334052167176	0.330479240679286	0.165131781360702	0.350304831925061	0.236000089482045	0.0765019923853849	1.04986320050356	0	0.853043736038327	0.616047650182273	2.60212204876732
value...69	0.0994149063307453	0.0107251672711092	0.0156819601182217	0.0799005787909907	0.351716163803667	0.0751614715637361	0.0791781588343771	1.74027546279082	0	0.871036626941723	0.530230691686719	2.45205386950367
value...70	0.0461741580233239	0.281405019949873	0.119958392854821	0.422157482440953	0.256739099988339	0.547251344641085	0.471415486876349	0.516789391190686	0	0.905660597339482	0.576546490695875	2.66189037596543
value...71	0.0205142984864522	0.106518790246638	0.0822593539726705	0.153715385907435	0.145096437242426	0.142107681764188	0.0416395234488397	1.82627947874549	0	0.872337713566548	0.519981944534804	2.51813094981414
value...72	0.261272469178072	0	0.00941840834575859	0.226170333786129	0.438945791092225	0.368727336988281	0.0673411048698158	1.11882959354432	0	0.885206497025904	0.58616809504166	2.4907050378046
value...73	0.102186808397018	0.393643423279892	0.364934455853498	0.434630432324201	0.642375853655838	0.256130026221697	0.15999465847877	0.391082138352327	0	0.865985716060765	0.625370690102533	2.74497779656324
value...74	0	0.00325222243919674	0	0	0.0801891917657093	0.005636085930748	0	2.28441606432672	0	0.883010973063681	0.470193637725885	2.37349356446237
value...75	0.328782967773589	0.317532887683991	0.0447996390068193	0.255856403691877	0.228111661136798	0.414508500365229	0.303540337993465	0.688333444216266	0	0.897193369890866	0.60466440574099	2.58146584186803
value...76	0	0.00930500667092116	0.00119157098183276	0	0.156674819006769	0.0637276457475013	0	2.17270629188612	0	0.880463106687155	0.478110071175663	2.40360533429314
value...77	0.0307832909677263	0.0243044596086419	0.0334057779476115	0.0231738067715067	0.0737748394627502	0.0314864297490309	0.0138490193112388	2.1831922199072	0	0.877250984738305	0.482913136419512	2.4139698437257
value...78	0.154088707772642	0.186409079113723	0.191473079721649	0.181205864665872	0.153235098866348	0.194134014826455	0.0904914815674711	1.43267681832321	0	0.872006354430433	0.565570261372664	2.58371414485737
value...79	0.0467229177404998	0.110712345498827	0.243700248744913	0.0542102558191792	0.296944184623437	0.155547746082637	0.0375218650219335	1.5920911403377	0	0.860131742040467	0.556477503179934	2.53745070386912
value...80	0.00137445243096151	0.133068933897715	0.162089201776985	0.0804741134890734	0.0981613856331327	0.278496334465899	0.130093972844749	1.65334616665439	0	0.872210949098902	0.537342477535704	2.53710456119291
value...81	0.176197695445676	0.0275514689235255	0.181902630128343	0.795780230532299	0.529926319268883	0.32454869023235	0.29535954577691	0.352569444822068	0	0.907791795057598	0.552025004713065	2.68383602513005
value...82	0.169390002980364	0.247766146336517	0.133279352711212	0.131243040469288	0.40016791419079	0.270527998765624	0.0949690887594775	1.13453029367836	0	0.869795844042352	0.609665463990498	2.58187383789163
value...83	0.102392402415448	0.170410857361645	0.110815130904345	0.116911854213559	0.100188541288102	0.135994202864104	0	1.79116246564843	0	0.869672271073573	0.527190416942341	2.52787545469563
value...84	0.118918220088297	0.0206938882973595	0.303347754304808	0.548132665624188	0.457781225767428	0.304166766228049	0.284663073284999	0.652316683956306	0	0.888707929731785	0.588089822930419	2.69002027755143
value...85	0.284201244210158	0.247444223522001	0.155420602833099	0.357564638873595	0.812953109939416	0.540047818223668	0.263872768122835	0.0277136446689758	0	0.908526781393449	0.562061815878808	2.68921805039375
value...86	0	0.0517633188084896	0.0740544033736225	0.0541919704961126	0.181436550017557	0.066280262139842	0.113147161397747	1.92638791715586	0	0.87430949228589	0.505415734469595	2.46726158338923
value...87	0.125412572082944	0.409217387093354	0.335396499303964	0.506033144663905	0.636662570290988	0.476080389179063	0.11121905934881	0.137629666591836	0	0.88264562850658	0.605479345978498	2.73765128855486
value...88	0.0287728485641456	0.396912340512002	0.266497751531714	0	0.211152207392903	0.281063282404537	0.0614642425019582	1.33888122406143	0	0.853221539076178	0.586312764021761	2.58474389696869
value...89	0.059564575384361	0.231128343874164	0.0586237793702474	0.0410412144870612	0.239781122261004	0.249241222566578	0.031095732592596	1.59534359874672	0	0.871766598053271	0.549924607570203	2.50581958928273
value...90	0.219149178189962	0.098638178448805	0.498092966335426	0.469835574985754	0.522086903075814	0.478374780319861	0.222666049183013	0.218707534550718	0	0.866568572448238	0.598266779320383	2.72755116508935
value...91	0.250287172793425	0.586967462726849	0	0.54109116236845	0.398320831418456	0.474189656628423	0.308873910563326	0.123814108290981	0	0.906858143612744	0.576524306821652	2.68354430478991
value...92	0.157600314675043	0.260869451556535	0.0464371862827788	0.16354874502063	0.29288348727034	0.273638328917437	0.18570676431303	1.15818154057061	0	0.873628854358442	0.600159277474909	2.5388658186064
value...93	0	0	0	0.00314057721160157	0.225013507410102	0.160248713140101	0.188247978043474	1.84543441649368	0	0.877907029724258	0.506239934596546	2.42208519229896
value...94	0.541578239961793	0.58119550757474	0.300651993062312	0.44346925366912	0.262823331370743	0.389664063946824	0.174502748605458	0.0221231032744878	0	0.871834095287676	0.601889076739696	2.71600824146548
value...95	0.0437092706871249	0.387236947528458	0.231337850336678	0.181223494364984	0.0987935359521126	0.443014656422556	0.160392034037858	1.06944310580081	0	0.867233561581985	0.602154012846987	2.61515089513058
value...96	0.195802802697606	0.206905250092459	0.0252424783364707	0.22011472938827	0.185488092979161	0.133251530871339	0.0480507495051022	1.51005864625918	0	0.866331117730822	0.565389212058211	2.52491428012959
value...97	0.123230134957646	0.283020177160588	0.143673642149416	0.279759677646276	0.378452137199652	0.190789525392401	0.040526387820931	1.15794265219353	0	0.868695679267602	0.604308443400028	2.59739433452044
value...98	0	0.0116943711071067	0	0	0.0812677469626587	0.00675596433580465	0	2.27143398331146	0	0.88317927858995	0.469928920249105	2.37115206571703
value...99	0.158393582513654	0.114050042005223	0.0811240946344773	0.00432382673858847	0.24903221568836	0.183839587822816	0.0438891176021244	1.62658779253792	0	0.870455827193957	0.545033917290962	2.46124025954316
value...100	0.0753260598587183	0.236964714338253	0	0.242509741259033	0.35947088714989	0.482362350619174	0.308657647315499	0.834124806590159	0	0.8970938034436	0.592706679993641	2.53941620713073
