Mixture	B	CD8Teff	pDC	Endothelial	Epithelial	M2	Monocyte	M1	NK	Plasma	Malignant	Th2	P-value	Correlation	RMSE	Absolute score (sig.score)
value...1	0.111817523726485	0.0597720810442538	0.245603868796894	0.24453988311525	0.0272609212888011	0.0540723725460916	0	0.161926464772126	0.124699607488401	0.00558200746549785	0.650071184535449	0.110727123563046	0	0.870068116609904	0.898405123235191	1.79607303834229
value...2	0.11710535859413	0.101159789599728	0.425750250449625	0.174212550073159	0	0.234333223942789	0.00274851710602382	0.254717326125622	0.227564107867536	0.00559360858198849	0.0845116237675105	0.143049359210391	0	0.909694992010929	0.866298861067907	1.77074571531851
value...3	0.0751292280486849	0.078804684720596	0.0980343240220842	0.138226136679543	0.250614222189265	0	0	0.133734246664052	0.142271697280011	0.00482417170505972	0.743327188040471	0.170542354611684	0	0.868790242066847	0.899009835796962	1.83550825396145
value...4	0.0713881833557105	0.148279299031669	0.347596989256531	0.273043508513514	0	0.0547795483478177	0.0571611940143131	0.393685316970582	0.0977239530239612	0.00479059093244955	0.0325553258315758	0.253322134545395	0	0.911511705737817	0.869797810272419	1.73432604382352
value...5	0.0967519187217618	0.0110696523597918	0.0836877051005572	0.108544267272029	0.159581584088923	0	0.00769971956530962	0.127147281309731	0.0428096331476253	0.00164699015221199	1.10859410116224	0.0867669499788591	0	0.849937967544484	0.886805742073918	1.83429980285904
value...6	0.0821699306274503	0.00859613145364111	0.196287302707138	0.236004543028709	0.0763719182766817	0.00159154720373632	0	0.0529431024363595	3.15407813076356e-05	0.00342643485855162	1.0847729985115	0.0777949397490373	0	0.849526846020919	0.886401552978675	1.81999038963412
value...7	0.175242070929418	0.134866424048058	0.166215160495341	0.17092499013947	0.0705886246882074	0.0721113162264796	0	0.247246729278299	0.183012888314996	0.00204554727204747	0.313099257457409	0.237190146851249	0	0.901219645741526	0.89340763467601	1.77254315570097
value...8	0.116258464510161	0.016206467943918	0.332748113416368	0.0929519342432198	0.195486406749477	0.101259508518875	0.0968731032430054	0.461814660907155	0.236897521216019	0.00348072235529624	0.142470369783981	0.0431376809910505	0	0.915775232995126	0.868958168543555	1.83958495387853
value...9	0.0897412267186747	0.0115854165291427	0.095718499037156	0.0948878468827965	0	0	0	0.075420713840298	0.0367417177643086	0.00239812089481946	1.3645915808683	0.0325092781910576	0	0.841247070560747	0.874319343097483	1.80359440072655
value...10	0.0734303001456558	0.0459582111921516	0.0918593447423839	0.167732425678808	0.0520624448946345	0.0379534889502358	0	0.0600141182444701	0.00980240523958089	0.00162409429220076	1.23833954649439	0.0246465219241267	0	0.855593118037709	0.877402619642562	1.80342290179864
value...11	0.0723578175140523	0	0.107050647387822	0.263071503035534	0.0826328840128871	0.0321014154325182	0	0.109907769701822	0.0217108743601996	0.0038608197890337	1.04914594697815	0.0738688200644039	0	0.849956718209149	0.887314300876614	1.81570849827643
value...12	0.144732256795208	0.0827501779374304	0.28725248511433	0.283974144914778	0	0.00735929918268809	0.0166270522600304	0.273284614698383	0.145899992404268	0.00374706739703141	0.347008781633077	0.149395802857419	0	0.898696280085438	0.891647986476585	1.74203167519464
value...13	0.0569967130319034	0.0195708598597734	0.0518287703196885	0.104565318702535	0.0963856095726047	0.0559163726693679	0	0.0303825192765844	0.0115893918017016	0.000126760029509679	1.37716594734395	0.0288074320572731	0	0.851874088464874	0.870109589114285	1.83333569466489
value...14	0.107517741240731	0.0153992767758235	0.146545111497357	0.207468327708262	0.0822196865535328	0.017455282455585	0	0.0464956952910399	0.0273085954231226	0.00346560216727469	1.05878541282845	0.0963043437115518	0	0.856328566491885	0.887875710834661	1.80896507565273
value...15	0.243184568589031	0	0.116774078624316	0.265036526692763	0.345409034843068	0.123908451019522	0	0.0764852965780495	0.13628691671619	0.000826241255467209	0.393448008654302	0.15077116241724	0	0.891012309395829	0.903368500129413	1.85213028538995
value...16	0.250288575804209	0.0431083152571995	0.28507782158908	0.123604886589033	0.247625145065827	0.277822579102163	0	0.224183042778189	0.0186774797533561	0.00354826414013981	0.0632051581527108	0.250415394481302	0	0.904699504498556	0.883889278380831	1.78755666271321
value...17	0.175049923225987	0	0.0903012952182631	0.0866865269797121	0.217345910771412	0.0553629288836274	0	0.0658271825575064	0.114143271081706	0.00640745346770922	0.98392102621734	0.0533218386147989	0	0.841600793218517	0.893742121274406	1.84836735701806
value...18	0.165060754989567	0.0790508729648534	0.295137240826325	0.13049463049199	0.00279560253406849	0.1642131152631	0.0169949624553001	0.130235598297996	0.0474375477280396	0.00125661536583148	0.65092897024219	0.100213626250187	0	0.881094961857281	0.892422441152929	1.78381953740945
value...19	0.0728063402431671	0	0.123750962341438	0.168672811818958	0.00586780564340763	0.0677149324112411	0	0.173841578718502	0.0484498812757592	0.00040209118370014	1.01609937278595	0.127051983218882	0	0.863502319568476	0.888152555807245	1.80465775964101
value...20	0.137756124719139	0.00849949246708172	0.309980758664341	0.106470592715419	0.193320221016584	0.130549821557345	0	0.199470973304051	0.0532605176445013	0.0066751288037088	0.531249186505115	0.143767890613095	0	0.875012608757079	0.896833550453393	1.82100070801038
value...21	0.117253218080157	0.013377130123163	0.297648160648503	0.111312824225677	0.131224716721218	0.0487598321951934	0	0.249697846107557	0.0185731653087648	0.000919717474419976	0.738018708995059	0.0846909511400321	0	0.870381390803626	0.894423227276527	1.81147627101974
value...22	0.112086238358813	0.023589113684479	0.274557490332674	0.300611905988466	0.0833359076775605	0.00191723091976761	0	0.122435411575185	0.0869842085538293	0.0069474034684384	0.566138655687021	0.210085204071221	0	0.857638071437411	0.9040234338817	1.78868877031746
value...23	0.167472743402479	0.00914560551953756	0.267654658626611	0.0994774526825025	0.0719962882900415	0.0257455242361542	0.0430193086011997	0.248409294356394	0.0860343450713738	0.001939927557291	0.603169922520309	0.168282533778213	0	0.890780404833195	0.89481399498814	1.79234760464211
value...24	0.110554552971658	0.0162728603236891	0.213167861977685	0.168745607320688	0.0126385687009537	0.0517523419460729	0.0262354221481653	0.0476414547006072	0.0440454927891911	0.000697627542197701	1.01296357539492	0.0918789475433108	0	0.863139939741588	0.888579631074602	1.79659431335914
value...25	0.0639430844947722	0.0102713262558541	0.312435171216058	0.0797962128751948	0.238471436515053	0.0841914706917215	0.0157684876308877	0.277626558988955	0.0585739861576046	0.00225614657551047	0.655650362511941	0.0558237743039453	0	0.88676526224112	0.890432652674246	1.8548080182175
value...26	0.149955737203676	0.0213188042560594	0.142432591799645	0.133400468137738	0.0836209148227234	0.0290056204621744	0.010724298647392	0.127608987999774	0.0386631728477139	0.0036999163126787	1.02643829486743	0.0493495885633602	0	0.837700394763468	0.892721379562095	1.81621839592037
value...27	0.131828981216877	0.00646151797066158	0.0979995298160833	0.192078543305772	0.0250377670588271	0	0.027233100089031	0.113182678393179	0.0433735750592019	0.00274872572192246	1.05151181845388	0.105083314466511	0	0.846145530011803	0.890310204250689	1.79653955155195
value...28	0.158253647025299	0.00419822083590988	0.206276593969481	0.104761683885307	0	0.0242040791618266	0	0.108287151622276	0.0695025503615033	0.00162260733638973	0.968193147119414	0.131330741510511	0	0.857803945439562	0.892831420114387	1.77663042282792
value...29	0.174014742190385	0	0.218748092762001	0.114679596014784	0.195881568505708	0.0463630187174122	0.0292173152351254	0.229526041072575	0.110112521362666	0.00637061353210082	0.596021007908861	0.105012923759548	0	0.882132577937031	0.898085626822219	1.82594744106117
value...30	0.10822379561361	0.0491247833557871	0.193467299163955	0.205021287048614	0.117097377332198	0.0646199334972961	0	0.107908145013148	0.0803518041386081	0.00238486891810691	0.812739941714131	0.0815742939105091	0	0.856250179905928	0.898367253752102	1.82251352970596
value...31	0.085300758263309	0.010286825808207	0.284774591430556	0.245127542375193	0.145777537334455	0.086427222068631	0	0.177406481415829	0.137352282321281	0.0046103491336994	0.598350108259282	0.068670953900573	0	0.875511873687927	0.897578859800059	1.84408465231102
value...32	0.20244802793843	0.0115529448747464	0.371436716314141	0.364501502970999	0.246024536329167	0.00424353168888671	0.0420079588617314	0.149747814334409	0.128463018428052	0.0014567531771479	0.211579145802238	0.0980575421389602	0	0.900630478724534	0.897903815409904	1.83151949285891
value...33	0.194571826358078	0	0.164246699115824	0.478642213381077	0.316970653393059	0.143437919424686	0.0203807808696978	0.156239901882208	0.0607974220805033	0.00334410942054514	0.0220834659573523	0.268915540257257	0	0.894065091684953	0.896460715231983	1.82963053214029
value...34	0.0876319744695536	0	0.25405088482626	0.195791500587824	0.167969011671191	0	0.00535196810649224	0.202235105921625	0.084745855067511	0.00348417484304655	0.617803895210527	0.204364990376562	0	0.883329429363983	0.900023654608935	1.82342936108059
value...35	0.0798915700185468	0	0.138291439390548	0.157042660869974	0.0594738496978045	0.123137492135233	0.00198493268384304	0.102008775213016	0.0241676832877414	0.00270582967576064	1.05648696152725	0.0780959961155605	0	0.851645499201551	0.886865916422886	1.82328719061528
value...36	0.0845895111310475	0	0.0893331777351534	0.126816446070613	0.00203130175729222	0.0486272545381045	0	0.0455295534200777	0.00199667210389696	0.0012665338279945	1.36029774048724	0.0365081416991023	0	0.837700918435247	0.87340947709458	1.79699633277052
value...37	0.0634229911722336	0	0.116937548959281	0.0946039131090677	0.12193187268177	0.0740157781904316	0	0.087740382843335	0.0452089559729826	0.00264093478007213	1.17628294689041	0.0542909799621181	0	0.853174792980522	0.881741908874401	1.8370763045617
value...38	0.0534013330937039	0	0.0524970759487927	0.134599690709994	0.0145159554781378	0.0144670892237961	0	0.0681073032114168	0.0367262609813208	0.00140435557440785	1.38206761555542	0.0478300382829181	0	0.840017453723678	0.872430360637312	1.80561671805991
value...39	0.0670136845898817	0	0.0614614690214572	0.145229028759005	0.0190166351990667	0.0067059734839746	0	0.0647056641989795	0.0345940186808772	0.00121082634604399	1.35838883394842	0.0484094996531799	0	0.837790778645326	0.874336979804541	1.80673563388088
value...40	0.0823211663831658	0	0.142709398504795	0.239044196396877	0.0712228365907438	0.062438444966522	0	0.0225966780750964	0.0457917864525117	0.00292496401528737	1.09522002121848	0.07046347042133	0	0.840981350028905	0.887731506894599	1.83473296302481
value...41	0.133134000654318	0	0.297861200026131	0.230794927452069	0.246016804463022	0.0364012880044688	0.0302446995013482	0.114950363021935	0	0.00516114988313976	0.578112045533542	0.164922333686776	0	0.887314580704189	0.898247820160895	1.83759881222675
value...42	0.143366033629747	0	0.191421783908743	0.267869868559637	0	0.0452552518009356	0	0.241272841227589	0.145273096623856	0.00561758469196697	0.66172440861744	0.0783225563421298	0	0.863596597036216	0.897259456312868	1.78012342540204
value...43	0.0681947652531422	0	0.418624379205914	0.12260726098455	0.328682237887614	0.142017807087184	0	0.303200904569686	0.056604182801297	0.00502171366375016	0.387346022759121	0.0423053900517781	0	0.901340016471144	0.885598363912801	1.87460466426404
value...44	0.0895401846998505	0	0.1240824863441	0.101377032796701	0.0446063875736546	0	0	0.0666406103990151	0.0304942859274552	0.000737878148811908	1.31481782678846	0.0456623230306142	0	0.84297446528998	0.876922910972778	1.81795901570867
value...45	0.246863817663143	0.0823217053471124	0.361206328799975	0.26406984503043	0	0.13843060258332	0	0.137604576984796	0.172805648076163	0.00774359279538843	0.124752743038088	0.200537329320049	0	0.900796539952014	0.884019974705556	1.73633618963846
value...46	0.0643915480677475	0.00258377637894613	0.0502576619707789	0.14574508340154	0.0569266814622733	0.0359013444500773	0	0.0747758916764378	0.0287455024133868	0.00137533199526361	1.31505700931725	0.0526297240463835	0	0.852257310724146	0.874588158089056	1.82838955518008
value...47	0.199105284820763	0	0.285648285049743	0.0934298715705284	0.190612030425388	0.0802105396315075	0	0.053171908795653	0.0856431679306338	0.00404271256399793	0.707472074449082	0.128251179721663	0	0.865560507016429	0.900533117314936	1.82758705495896
value...48	0.0841340781555716	0	0.248661405053049	0.153458003446634	0.0896361467275563	0	0.0193572280486013	0.277584706890593	0.165491560879976	0.000833621394302837	0.659770537517114	0.1111707972628	0	0.888157472958203	0.894466223095427	1.8100980853762
value...49	0.157767701235726	0.0210389954000802	0.162310452642428	0.287601296123301	0.0236490491447789	0.0954787313251647	0	0.0750335394682856	0.0258809916107722	0.00463154179686229	0.870115172124623	0.0608222219973078	0	0.850240071774301	0.894608119258067	1.78432969286933
value...50	0.0728381200539594	0	0.163037638677982	0.119576446431651	0.274926781780039	0.1614867653107	0	0.311005363066428	0.0783855098720793	0.00622985074605829	0.625481830312955	0.0602383854475646	0	0.876679494888445	0.892281595994734	1.87320669169942
value...51	0.266420846530968	0	0.361353535039105	0.23970952315881	0.340192535011901	0.0550965303120435	0	0.0983871502738896	0.205296073954958	0.00697739272877307	0.171698802879048	0.0919787199859556	0	0.891872576116417	0.899297823749885	1.83711110987545
value...52	0.165093248119289	0.0633220095209592	0.191944247835052	0.072418949132032	0.228161045096787	0.0188256078370676	0	0.203944814416113	0.0854345398323187	0.00155567561644579	0.705113610027645	0.0952102084228058	0	0.872577169527906	0.899836527091472	1.83102395585651
value...53	0.0696707243672508	0	0.210907148683303	0.249133602834607	0.114850941085451	0.0762872140901429	0	0.180443117305286	0.0687336217157059	0.00222752645366131	0.827042438549224	0.0395397563269289	0	0.871910029199677	0.892123040417368	1.83883609141156
value...54	0.0579445955987517	0.00923926734014861	0.149915879877157	0.108092167954203	0.0890903441925875	0.0234272991280941	0	0.0662693983294606	0.0499433860410109	0.00148244152507333	1.18629533261979	0.0824274059826922	0	0.854344140060285	0.882119047183138	1.82412751858897
value...55	0.0728767714925628	0.0179326522886966	0.159413371431769	0.290883259135953	0.0979178205523782	0.0500562867375774	0	0.236714312294093	0.114988042822889	0.00165018809908306	0.663556250764547	0.108015319086625	0	0.875117087790484	0.897685323905702	1.81400427470617
value...56	0.149466895581555	0.0054517392817986	0.321979093288711	0.245282696952784	0.196587287596926	0.0929997771379761	0	0.128748385540933	0.0264061193799684	0.00710756967635454	0.644264996843412	0.0220637005212852	0	0.873282429116059	0.895855931251904	1.8403582618017
value...57	0.265578896521063	0	0.165857575129275	0.143369258501547	0.141839417883995	0.250734240823989	0	0.194402174397135	0.196768277353858	0.00410349772502204	0.206201423032516	0.227480598321611	0	0.902231277118266	0.889714357973844	1.79633535969001
value...58	0.0513800909149509	0.00562094021502366	0.0542719709221893	0.124666249019242	0.0274441449782	0	0	0.0569866694302884	0	0.000259826473400663	1.51460473960037	0	0	0.845720419683733	0.863287488650727	1.83523463155366
value...59	0.0677888878050713	0.0613581456417345	0.164043736226894	0.07289135321044	0.163402343967514	0.0156171250578355	0.0193493756523028	0.0638346232043381	0.0247150589462093	0.00114711635887435	1.00629788824201	0.182596244485725	0	0.859674082195577	0.891500226798836	1.84304189879895
value...60	0.0992202310846227	0.0184126403687637	0.151774230317894	0.106448786198769	0.00823802212711415	0	0	0.146370148746016	0.0672422675581704	0.00310821773212745	1.12018542617556	0.0624505544017713	0	0.848242753851882	0.88640163766382	1.78345052471081
value...61	0.131514110880929	0	0.163232083617102	0.201058570167521	0.134079021656146	0.0527096589435282	0	0.175592642134343	0.0278490893041332	0.00180211857635762	0.861855402685778	0.0658433445170015	0	0.868334913791976	0.89332059868941	1.81553604248284
value...62	0.112170921581471	0.0227248052924493	0.185414447463907	0.155038540446399	0.168630004285819	0.0155863575784649	0	0.123678422341731	0.00602138228786016	0.000725920121792538	1.00063363047796	0.0452314637964887	0	0.866152917579653	0.888304221827488	1.83585589567434
value...63	0.131648363635969	0.0588386773680633	0.201388936362362	0.197679258340304	0.0104824587242055	0.0646461861727637	0	0.0372054248312446	0.0640639364124539	0.00407119062217053	0.892170357805959	0.118652363352285	0	0.836547210087865	0.898348009580746	1.78084715362778
value...64	0.198972411092838	0	0.0965325293704758	0.432085273016416	0.101462737302528	0.113501981718308	0	0.126688751409628	0.00335053388845457	0.00544237910105492	0.662332723119977	0.0700196650783988	0	0.865403429343751	0.896862241782836	1.81038898509808
value...65	0.0929841926871126	0.00343318489691175	0.0532500559121645	0.0910284587543922	0	0.0143906952378565	0	0.053540337341278	0.0170149573363097	0.000450934971042263	1.44576053670114	0.0297531060008183	0	0.826099668627678	0.871574352217711	1.80160645983903
value...66	0.117548841326191	0.00869027396820987	0.226276458473642	0.175006462141627	0.134207892277598	0.141494506503651	0	0.107940888456092	0.074412012821121	0.00425686438209345	0.793065087426222	0.0586936340312527	0	0.853594004272647	0.896505644620247	1.8415929218077
value...67	0.17098249263134	0.135855442766432	0.461514556092631	0.0688361095779841	0	0.298344012804363	0	0.262394080277976	0.0898119692856138	0.00217480514093475	0.0930690600352328	0.16882341529563	0	0.914093189946823	0.861489289636524	1.75180594390814
value...68	0.0972643005964611	0.0276177255323722	0.137716925608826	0.16782895071831	0.0636600006120777	0.08780936271476	0	0.100946975972632	0.0211558291563527	0.000959215308382345	1.0749463318142	0.0374151911416555	0	0.856962438543557	0.885866485072205	1.81732080917603
value...69	0.12726328737189	0	0.309014837067054	0.249863391259464	0.0531528461548896	0.00309868487245379	0	0.250576346319303	0.0963628774016893	0.00559552688760218	0.521678380785222	0.169964055270071	0	0.883128070730501	0.897652961454023	1.78657023338964
value...70	0.151361470148061	0.0118773651136004	0.127695235636188	0.0983905197805971	0.0409122268580892	0	0	0.106131480009944	0.00227151852700938	0.0025152677251625	1.21719977740858	0.039929030396958	0	0.8453637387957	0.881758201070666	1.79828389160419
value...71	0.109748327574175	0.0930456673188698	0.281263336098926	0.323719211943343	0.249084926041686	0.0345422806303222	0.035652982344796	0.128837991966491	0.149214247759186	0.0073106571722073	0.220940420141817	0.191681128398694	0	0.890235309348097	0.899598239634047	1.82504117739051
value...72	0.0895400202268365	0.0267565441373508	0.117365453790818	0.182083895294074	0.0397918516251601	0	0	0.038444783070397	0.0812775557832979	0	1.12587417852974	0.101244970339553	0	0.844454169088375	0.887390163765526	1.80237925279723
value...73	0.132086229217716	0	0.15371060467198	0.253260770094886	0.0978543606812061	0.0893885919025627	0.0158443780786144	0.201594108395208	0.0572163755083952	3.84876740502854e-05	0.675349228462946	0.129102990360813	0	0.880034331981127	0.896839870771436	1.80544612504838
value...74	0.123577288218475	0	0.314219432579032	0.186389852809225	0.00608444935735406	0.148523682487531	0.000250580034140446	0.214528889165016	0.090832497350904	0.00113734963635441	0.667881382495533	0.0476893076963645	0	0.884777555955579	0.888660549387544	1.80111471182993
value...75	0.0797095892306246	0	0.0911780561977218	0.189542359701833	0.0478313616331328	0.0552474375160593	0.00435002605445808	0.0278768330010154	0.032276091684142	0.00202307211363036	1.26619636642849	0.0205622120283045	0	0.840938073690885	0.877942237446554	1.81679340558941
value...76	0.116306414225013	0.0196858532400809	0.331068436432709	0.215482348986359	0.0180948184333366	0.125719124734726	0.00163917072246243	0.133790839781408	0.0200443779187449	0.00339059001822482	0.655537616408914	0.147071485228435	0	0.880493192816131	0.89325771382099	1.78783107613041
value...77	0.127032565312859	0.115564184391045	0.3219871517473	0.203303033553596	0.227315224164602	0.0407389045735123	0.0637464688965299	0.38779303106065	0.0569861425282146	0.00148725734779712	0.0139626265380679	0.230881710035338	0	0.918047833702884	0.880547711998043	1.79079830014951
value...78	0.0729644106323667	0.00693543374243749	0.115532442118674	0.176777810257173	0.0737071079205848	0.0686914116757193	0.0188372885577033	0.0507517486761527	0.0432479892189234	0.00044392731890641	1.09583034414083	0.110777758562275	0	0.85526806161282	0.886486663846907	1.83449767282175
value...79	0.122174404603673	0	0.0951898863850788	0.12595839671049	0.0185629539077914	0.0462605440287837	0	0.121576672325903	0.00504971997775849	0.00019754012325037	1.21148420491429	0.055311581672204	0	0.854233667610178	0.880023608665451	1.80176590464922
value...80	0.0451653499187087	0	0.0712121987541454	0.100830114490832	0	0.0180124643562867	0	0.0380722416173391	0.0316167694332999	0.00247248371657803	1.45962817879731	0.0454755313739422	0	0.833531261681059	0.869443380217968	1.81248533245844
value...81	0.055668581505223	0.0381445856704442	0.306953694385528	0.102496192610539	0.0830017264064304	0.118293215763663	0.0091883987473275	0.166901326613509	0.0561210542274786	0.00379027226905005	0.721052943642086	0.15873204898196	0	0.871465144057152	0.894010190258698	1.82034404082324
value...82	0.104485002188741	0.00947601162075069	0.455468128936984	0.172008537908634	0	0.276118969871641	0.0953234196084101	0.360024947268338	0.0852401514197189	0.000344857048694331	0.0663944336382515	0.155778021220884	0	0.916375163233946	0.850584024729329	1.78066248073105
value...83	0.193969862049174	0.0708969930782246	0.295093453553434	0.186053512967539	0.185883122244774	0.01385860266757	0	0.108513170856955	0.055460588468325	0.00365339364754823	0.581975751649629	0.108834463077987	0	0.869875294183018	0.904061611605136	1.80419291426116
value...84	0.0922408370892187	0.0367096777585316	0.0845530729690594	0.110260252151873	0.0189376786895023	0.0671846541301053	0.0204593619623788	0.125089354848919	0.0455217395212001	0.002962127720123	1.11773707775616	0.0740912380361909	0	0.845975292103069	0.886385688819852	1.79574707263326
value...85	0.0992734215614599	0.0631537986508137	0.112586239205601	0.0959332775247185	0.031479470900994	0.0220765134796733	0	0.0247218609886015	0.0143365056845976	0.00342051030367023	1.26667573973573	0.0632761155095088	0	0.817780926858268	0.883928942183224	1.79693345354537
value...86	0.0781324827359768	0	0.127493895518431	0.137152280629406	0.031763921320354	0	0.0256020229884958	0.0686444352989673	0.0276129063671402	0.00356059142529401	1.28450351707733	0.0276345457516947	0	0.832433095843352	0.879188953568049	1.81210059911309
value...87	0.0751625732631531	0	0.241047456124215	0.21051013358957	0	0.0549718782058826	0.0221563255486412	0.140739843370932	0.0176798255528608	0.000841206162893277	0.93978132988178	0.0964752224712234	0	0.869737818922041	0.887817823399022	1.79936579417115
value...88	0.228560646094604	0	0.114006252554145	0.314061756540167	0.398341832753449	0.0761463259236342	0	0.362337115175037	0.053419730746491	0.00890394467475717	0	0.273024134949606	0	0.89661621539405	0.894495117084607	1.82880173941189
value...89	0.108711774970441	0.0327879521390491	0.212373367472559	0.108884957183801	0.0828050458345903	0.0433429178252773	0.0272655233806211	0.144303678637223	0.0347602868198075	0.00351337895323003	0.871968380716109	0.133298620684715	0	0.855351297000181	0.895555230912185	1.80401588461742
value...90	0.262251844932982	0.020665934762159	0.390845346763077	0.218743759971429	0	0.0536171262103486	0	0.309925495971711	0.244308334332883	0.00386503363512177	0.0416688129600502	0.189535433908009	0	0.915433011288271	0.873559987072148	1.73542712344777
value...91	0.0642863165907277	0.0480688326134208	0.186690099284845	0.329963157314611	0	0.160003354698122	0	0.061202539861077	0.0588597682766393	0.00571552782516286	0.809800319284022	0.0675560293399403	0	0.847085470787266	0.893974152844526	1.79214594508857
value...92	0.264590761229165	0	0.467003964654935	0.262933782154383	0.0526869811547538	0.209899744797938	0.135301972600623	0.188066963183528	0.0321398144072774	0.00439325090959204	0.0362503230977145	0.130873566966209	0	0.907287931840854	0.865755887162639	1.78414112515612
value...93	0.0725660782848984	0.0165863637937973	0.169526436683065	0.151431326928863	0.0415440770749072	0	0	0.109086007716616	0.040151420701056	0.000220962494064633	1.16184145907205	0.050697004686432	0	0.851789957261446	0.883529598716672	1.81365113743575
value...94	0.126834817770541	0.0340197612118782	0.203833706568331	0.193445099010255	0.0905353874353702	0.105442129765992	0.0199726188751335	0.25245843672722	0.0164708785417124	0.000150581186307348	0.580401101333039	0.163430532231499	0	0.887443673655912	0.895137658578226	1.78699505065728
value...95	0.265850246849506	0.041357136393862	0.342441050219355	0.261053894807774	0.153760782970103	0.167366708475977	0	0.274813378232102	0.113194130453413	0.0145175681761551	0.0394951513904177	0.115654655853074	0	0.896480283717829	0.882750603562544	1.78950470382174
value...96	0.0862006481099308	0.0366461688137791	0.302510423965558	0.243825518735208	0.0978525956953733	0.0634338512952707	0	0.169045459895369	0.102754455343698	0.000427988127621136	0.569919872255524	0.143466342678606	0	0.893031482285431	0.897038765524832	1.81608332491594
value...97	0.0461999529799557	0	0.143802564730086	0.16612193614944	0.0233516390190773	0.0582364198724788	0	0.0124457415799893	0.0173717159986433	0.00150276223690614	1.31230978708167	0.030092813653668	0	0.836003635664006	0.875881246538499	1.81143533330192
value...98	0.0465916061215736	0.0422017515612999	0.119822537947656	0.255690678619686	0.0684307501095798	0.064497900760469	0	0.0787980130776402	0.0387425513151173	0.00192072631162905	0.986100184402764	0.113384601687553	0	0.858388417582782	0.890204372803432	1.81618130191497
value...99	0.0467680636422668	0	0.107688289788148	0.127814087728131	0.0180114930514313	0.0195487373070077	0	0.0242265223685888	0.0151397655854944	0.000972440038219738	1.45447298022577	0.00265770198678895	0	0.832887714049647	0.868721220405579	1.81730008172185
value...100	0.0473588947130102	0.126154447315334	0.301759460601578	0.224800101516503	0.144408299154705	0.0868072317207795	0	0.270365346527296	0.181131662523336	0.00391213610062281	0.222994447564841	0.208538316367534	0	0.905157726938841	0.889533939481831	1.81823034410554
