Mixture	B	CD4Tconv	CD8T	DC	Endothelial	Epithelial	NK	Plasma	Malignant	Mono/Macro	P-value	Correlation	RMSE	Absolute score (sig.score)
value...1	0.120815824634979	0.134860376309748	0.054974385305095	0.296956318299728	0.247734817201573	0.0287555740999493	0.143435913376876	0.00568926034719158	0.642950777545201	0.147810655286542	0	0.864620299774556	0.910997825178576	1.82398390240688
value...2	0.137697721620343	0.170690472774794	0.0844575284397363	0.424305452047574	0.165414758547777	0.0204294774731871	0.262516620409407	0.00601586697414756	0.073196084630661	0.482931022291721	0	0.911390915639051	0.879704455032944	1.82765500520935
value...3	0.0712455000314767	0.191355048188543	0.0670263940088997	0.154125336482647	0.140560161600093	0.247096437488888	0.154545506886503	0.00464881560814466	0.749385738745182	0.0864545797708816	0	0.853703892799667	0.911478194813283	1.86644351881126
value...4	0.102695209304155	0.267294475834511	0.159514269970124	0.432871128206557	0.251329722913791	0	0.118412035843699	0.00428139900761383	0.0272399626060047	0.42208873932369	0	0.899962051666609	0.885647448748744	1.78572694301015
value...5	0.095832824471057	0.101932468413399	0.00462218097757403	0.136257804460438	0.0978920009107879	0.15486009514311	0.047358158986352	0.00142791705788295	1.11903340608218	0.0879791361303806	0	0.824590753292736	0.900734632878912	1.84719599263316
value...6	0.0738528276270108	0.0899012565000901	0.00414733590963238	0.210028103365301	0.247592351535484	0.0718366649540027	0.00331585260259657	0.00323644766816391	1.08835050487993	0.0416904150623696	0	0.825444975451561	0.9014097641894	1.83395176010458
value...7	0.176894473949168	0.281716546578231	0.120276130887126	0.245897498000925	0.18719624980982	0.0731339990404553	0.215873692658803	0.00174107353928402	0.298400360077092	0.21032007674305	0	0.90073964171139	0.905097523677202	1.81145010128396
value...8	0.129364765157519	0.0686172434421378	0.00424961558504297	0.416085886666312	0.0914233821157061	0.188921378998013	0.271521375528525	0.00310216515277677	0.13316080692079	0.586471859178147	0	0.89744150634232	0.883722250489245	1.89291847874497
value...9	0.0854036015562751	0.0312083804781262	0.0366268473727156	0.105106884957721	0.104848783847765	0.000740969860597957	0.0281452341986763	0.00264360310967697	1.36849121743772	0.0515355504799584	0	0.814306812932262	0.889958903182451	1.81475107329923
value...10	0.0750763375456344	0.0651993936931492	0.000988087738012353	0.1109378779013	0.177172046396198	0.0326779406060822	0.0317639469004377	0.00104471417921554	1.24755324258771	0.0708057891557504	0	0.830576519750753	0.893058603592637	1.81321937670349
value...11	0.0679821125252607	0.0901386048212805	0	0.129547791741285	0.284644860705879	0.071037805590569	0.0328396390826556	0.00351122702282848	1.04734282461894	0.101066691911645	0	0.830242283504198	0.902300236734974	1.82811155802035
value...12	0.170750613882157	0.198142009064251	0.087488613314939	0.327612349515836	0.275540346709335	0	0.162572858898197	0.00415833935214757	0.307958204599235	0.248868801125686	0	0.892050108416089	0.904366175533904	1.78309213646178
value...13	0.0494382827256072	0.0270168787774417	0.00594365856847161	0.0713672237960107	0.125271070144354	0.0709519537546339	0.0200728687221994	0	1.41290844765032	0.0551972519308826	0	0.824143607981919	0.884923681140849	1.83816763606992
value...14	0.108611224144029	0.115017913600576	0.0074039895157036	0.148132850493519	0.225212997754359	0.0792493312146868	0.0328347523330294	0.00309968966447007	1.04994422004807	0.0516444497711268	0	0.835374835309559	0.902780437187147	1.82115141853957
value...15	0.218622837277637	0.175124373242101	0	0.141384578642685	0.29415619604839	0.308570611340294	0.140917946334783	6.09927321819912e-05	0.421692629106729	0.181739159480008	0	0.888365797057997	0.915695715214718	1.88226932420481
value...16	0.246713041867626	0.288995074046429	0.0279021986897955	0.275109503375178	0.14362133316829	0.254575120115292	0.0304807117248769	0.00341268741814351	0.0628031174215897	0.504351605844527	0	0.907241270736467	0.895220826187765	1.83796439367175
value...17	0.145803748014663	0.0683882149517545	0	0.118514944586738	0.112090449843106	0.215349724947231	0.134362550012945	0.00646207439611505	0.98050671796101	0.0842164010844635	0	0.824935051819362	0.906549278881266	1.86569482579803
value...18	0.155383389476811	0.129273362136583	0.0712217025756228	0.310384171674395	0.14455559308856	0	0.0577141744721698	0.000279921778866142	0.644422666384609	0.299576000701391	0	0.877428454081488	0.904190819939264	1.81281098228901
value...19	0.0835443734593187	0.131632201722417	0.00703339840266565	0.161541675678438	0.162602953335389	0.0188863555199297	0.0446090584671939	0	0.995259039025741	0.217110454132069	0	0.84462257424947	0.902416620007575	1.82221950974316
value...20	0.149232170569464	0.173681592866044	0.00682296528744953	0.356154059546736	0.116108022935507	0.191869747254369	0.0573828365550669	0.00562461580115156	0.53180291766802	0.264708563172072	0	0.870305493870327	0.908768322687711	1.85338749165588
value...21	0.136002877313264	0.111286632182021	0.000769760276037947	0.354636497736513	0.102086417484846	0.123428351733876	0.0293109732879225	0.000478722432545493	0.733881927974828	0.245377607866092	0	0.854035297257391	0.906519008856178	1.83725976828795
value...22	0.103555601890162	0.232625906752469	0.0189480402283126	0.337548512876839	0.331459670559144	0.070871012198876	0.0981116869786497	0.00649999065949783	0.570983172844263	0.0461030566377516	0	0.851791079585352	0.91623505452246	1.81670665162596
value...23	0.185681628502154	0.201798377754563	0.0293086095111882	0.30998785245846	0.0649883399496337	0.0972984169170495	0.0788847160020819	0.00109128169323356	0.558125409957404	0.29740781847497	0	0.881171705315831	0.906032184082931	1.82457245122074
value...24	0.0984652551302514	0.103322885177201	0.0127713474747732	0.214086207351155	0.181503677764104	0.00916510751348774	0.0507952386256483	0.000547726401444668	1.01288002596017	0.131490132922364	0	0.842628136535883	0.90285520172044	1.8150276043206
value...25	0.0788401813273451	0.0729026514932351	0.000330649794724287	0.34125500102545	0.0812474404918997	0.233338208825189	0.0715057104358169	0.00197769633444573	0.634274195035501	0.369791696369628	0	0.873029461723813	0.901813656177924	1.88546343113324
value...26	0.142794717485072	0.0679278766441073	0.0101622051312882	0.176498895309142	0.149235071328924	0.0781483597951455	0.0459821731038875	0.00342206418634768	1.00909317942563	0.150423302592592	0	0.819447831943149	0.906138114661544	1.83368784500213
value...27	0.125982430136459	0.112922872523316	0.00535154606851528	0.141347151388936	0.205514616672448	0.0176139363540964	0.0508276742009347	0.00249167180675641	1.04544034951099	0.105084542052865	0	0.823760121440793	0.904758358626988	1.81257679071532
value...28	0.157091260299219	0.157506701057589	0.0207521810698275	0.223894779525841	0.0989458999255084	0	0.0581531204297728	0.00170689580849747	0.965600314106918	0.113599132706976	0	0.840404271582827	0.905663497124627	1.79725028493015
value...29	0.200513121596452	0.123861291220112	0	0.258929605853374	0.104817516874426	0.216029668400964	0.115963890574685	0.00663470855316785	0.561778296187826	0.271635122751066	0	0.874316136183327	0.909401082305523	1.86016322201207
value...30	0.102094424700101	0.0958382324602181	0.0430509964849998	0.24450213650715	0.23714590809548	0.103334019350825	0.0928694663731812	0.00202909717957199	0.828500471626798	0.0965363700925752	0	0.839432468584586	0.911462115822919	1.8459011228709
value...31	0.075101931826898	0.0858290540611412	0.00137003377881964	0.351719372203979	0.279126713630593	0.148978753061675	0.155775093022989	0.00459360812198764	0.58417756998893	0.189733689100539	0	0.869022624826102	0.910625429232518	1.87640581879755
value...32	0.214822708074672	0.135604523675465	0	0.386467026735648	0.358633546544246	0.266339266906452	0.147810068532747	0.000855654544411457	0.162953688322187	0.194089869829145	0	0.901857458440223	0.910329487290199	1.86757635316497
value...33	0.205883381329371	0.290087145999514	0.00360109063904575	0.166969926719502	0.47991592463552	0.343481032867918	0.0495501768638423	0.00294563941652426	0	0.320673507409923	0	0.900606569939785	0.909420598929258	1.86310782588116
value...34	0.103301846093194	0.227510757816727	0.00405552414558017	0.274147341087827	0.180005506866353	0.20603376948745	0.0839315857718912	0.00408989501667569	0.578903071822835	0.189493131189096	0	0.87396548803939	0.912313818245268	1.85147242929763
value...35	0.0588403324825632	0.0882969726115572	0	0.165867470380745	0.163495549601849	0.0575773260105063	0.0287559166101729	0.00273599947947789	1.06137958961086	0.214501339277478	0	0.830307636445052	0.900859341707844	1.84145049606521
value...36	0.0893974868566197	0.0407737170736727	0.00182575794724849	0.0909881382826971	0.133928106403407	0	0.00122446647863918	0.000841527394927059	1.3875248752199	0.0586737720176303	0	0.808036536146569	0.888783511783013	1.80517784767474
value...37	0.0686565704062859	0.051668525517418	0	0.146963232482672	0.115819595743735	0.112104436867359	0.0467352357575671	0.00237733766538796	1.18349071603118	0.121095858375734	0	0.830791730953963	0.896226939316016	1.84891150884734
value...38	0.0552485743457631	0.0495996403659773	0	0.0708291187583475	0.153854541896683	0.00406523039495599	0.041272694127516	0.0011941637467129	1.40315269412037	0.0308516172548591	0	0.811123564228824	0.887746632581396	1.81006827501118
value...39	0.0626844939828238	0.0525593653871525	0	0.0802305579796321	0.157889683768619	0.0147052463967329	0.040032359893788	0.00103154305318146	1.36409906938297	0.0422748742955173	0	0.811677205428923	0.889975017616822	1.81550719414041
value...40	0.0655250340426785	0.0828009004545769	0	0.137847253937229	0.268855178309595	0.0702917523366692	0.0467289778869325	0.00292053935369678	1.10658260354316	0.0671615293040084	0	0.81620739619106	0.902461489882057	1.84871376916855
value...41	0.130510937588406	0.18696535063684	0.0105557078804661	0.30162544886213	0.229341648484292	0.27851862415935	0	0.00464391622936112	0.536016187616861	0.187241339239797	0	0.882017340356469	0.910991881247098	1.8654191606975
value...42	0.176229714971625	0.080851122012239	0.0389421997112974	0.226656252294165	0.255021299413447	0.000358059014407162	0.149936734682003	0.00497530852842011	0.65859835361553	0.21471570492051	0	0.849962213123386	0.911236947702103	1.80628474916364
value...43	0.0995040790696812	0.0455459744140571	0	0.462746208673994	0.130750550064133	0.330128078265601	0.0791648376946734	0.00468214519039407	0.376302642820904	0.381808878880214	0	0.892774665000766	0.898959939848359	1.91063339507365
value...44	0.0874580246616488	0.056054726577287	0	0.124241486532638	0.0904394925954885	0.0592698827101871	0.0414747955393242	0.000504589155186936	1.31761107275729	0.0485939267125619	0	0.814186240498069	0.892539373524354	1.82564799724161
value...45	0.24825459811482	0.215162458310032	0.0865000903065524	0.391219575585342	0.292060361038341	0	0.184888657761568	0.00738647601928938	0.124862312771336	0.233879455707841	0	0.907813350152351	0.896782598657829	1.78421398561512
value...46	0.0436772680214165	0.0598639383761593	0.00637283874975361	0.0731739592363225	0.147036046187294	0.0620669109818975	0.0291373018075423	0.00157973071393115	1.32547612273075	0.0871929987250954	0	0.826368042848207	0.889653807526865	1.83557711553016
value...47	0.194130724629159	0.157887369080823	0.00470130326800597	0.306277701199385	0.0851828594338339	0.230539286070048	0.0701974477734672	0.00458658597592687	0.693385980755012	0.111484882104286	0	0.856854380847249	0.911995080020931	1.85837414028995
value...48	0.104610631528537	0.132761862769101	0	0.30479427200878	0.136227739254984	0.0998021698647777	0.180632150664773	0.000574674210309766	0.635300251055919	0.245512804620179	0	0.871680982830683	0.907593504666261	1.84021655597736
value...49	0.162769851027303	0.0640251835233714	0.0209366096932227	0.1627792818326	0.317439691738118	0.018991050003069	0.0267651702765027	0.00416764731916326	0.86421830943028	0.162308376912338	0	0.834997367208821	0.908668494028175	1.80440117175597
value...50	0.106586143994178	0.0840048376414272	0	0.166205223281523	0.138030295293322	0.269336486324575	0.0984615181089861	0.00605995502615189	0.62693603176068	0.404267154540152	0	0.862479883560822	0.906210242616872	1.899887645971
value...51	0.266952284136325	0.108863996477017	0	0.421434385050423	0.254589859078726	0.342811210941682	0.213410394137149	0.00666966983834423	0.168916518082521	0.0938194905882408	0	0.897828225628551	0.910538537454601	1.87746780833043
value...52	0.174443085782922	0.111420899033544	0.0641387449143454	0.25702983900343	0.0795696280418424	0.228937934067819	0.094793048044995	0.00117457660395133	0.701782108980239	0.14499196244583	0	0.857890101020488	0.91182300943473	1.85828182691892
value...53	0.0682022398676509	0.0549518939144413	0	0.246091665630073	0.264475803419859	0.117273232175943	0.0785129551685616	0.002237535360307	0.813113999860318	0.217287404686831	0	0.856731197553624	0.906392946271461	1.86214673008399
value...54	0.0511783451571755	0.0900871767089298	0.000998513144708113	0.201829829053325	0.126065418134474	0.0702295929459655	0.0567044856270518	0.00101646947089454	1.20864402351676	0.0313216869161927	0	0.831272339346414	0.896008518964878	1.83807554067547
value...55	0.0813700136424714	0.124070923368557	0.00762349101036348	0.210627843697863	0.307491174586786	0.0966417275421801	0.136546777634515	0.00140786188151827	0.656756112330789	0.215157770748542	0	0.862171557003877	0.911454534193124	1.83769369644359
value...56	0.150127001767969	0.0415833392767288	0.0090863111937634	0.34112082135576	0.253017784250155	0.217697552552175	0.0269922805686089	0.00609846087177825	0.622216427734089	0.202028886592298	0	0.865096290715755	0.909357465519942	1.86996886616333
value...57	0.263986797559949	0.260612470451507	0	0.177094706930218	0.151304250466204	0.141220789660609	0.224052749019832	0.00332454858449823	0.208670994634042	0.416040949135434	0	0.907222517796399	0.900622066833705	1.84630825644229
value...58	0.0587786392171894	0	0	0.0531458632683884	0.132618084527791	0.0272300696236978	0	0.000122950323922848	1.54304429002639	0.0223104297695023	0	0.81512365379771	0.879061338666809	1.83725032675688
value...59	0.0628945644782104	0.200086456242579	0.059379852331971	0.172994720865141	0.0743094618067647	0.161270659713653	0.0286770068115358	0.00101471240998755	1.00439730322787	0.100586128405189	0	0.838940222722738	0.905014683074638	1.86561086629291
value...60	0.0991492246772917	0.075990815700694	0.00674092827708643	0.20950290914034	0.11178273669201	0.00811684140530453	0.082151781555666	0.00249570920817555	1.13521167017676	0.0712166527624689	0	0.823077284214761	0.900341733434431	1.80235926959579
value...61	0.157211620090126	0.0778452077890086	0	0.180649070983293	0.225299478270077	0.128397953541162	0.0335464221349686	0.00089440474460383	0.853027282446704	0.17516536250121	0	0.851375018048047	0.907578402635501	1.83203680250115
value...62	0.105387282049359	0.0632551417037418	0.00655788475030854	0.24098104318619	0.157656210218478	0.158391972819689	0.022956744033359	0.000372624800377582	1.00914064766361	0.0891907033893604	0	0.842433573450325	0.90256412939284	1.85389025461447
value...63	0.111176971063349	0.134488434455853	0.0435613648831478	0.212958349032325	0.219241930293298	0.00457572765472954	0.0736841689626195	0.00405954060951392	0.902985136792014	0.0943362433275843	0	0.821103395633234	0.910623003998397	1.80106786707443
value...64	0.204020323682621	0.0815225962306639	0	0.111549101553107	0.465356183659851	0.102136893946105	0.00554277343873908	0.00332553163209131	0.653212769619832	0.201534341093488	0	0.855191425560176	0.911924254504929	1.8282005148565
value...65	0.0874846102139306	0.0389599764036527	0	0.0718490135722503	0.0917868883274141	0	0.0266051208035679	0	1.46011718666747	0.0275567033926337	0	0.796407660596683	0.887219192868415	1.80435949938092
value...66	0.102050337732367	0.0747413162214521	0.0119815342123239	0.245209722125142	0.202127226875231	0.135603452171928	0.0746622395061753	0.00463045207919081	0.816105152660204	0.201134235240678	0	0.837866402196486	0.909671413626622	1.86824566882469
value...67	0.165683336657407	0.196466456725023	0.144893511184532	0.486765282463726	0.0720002063865238	0	0.0974374412475464	0.00210414168902998	0.0935783520607876	0.548463293348272	0	0.916078658068313	0.873827531709886	1.80739202176285
value...68	0.100771461532786	0.0466952028281186	0.0147833020289555	0.148884743359376	0.173316228488965	0.0552299882462543	0.028585108592263	0.000544751280086154	1.07702227621424	0.188766979399954	0	0.83569616734377	0.900082828669003	1.834600041971
value...69	0.139635215790727	0.202396799852826	0	0.385901875125155	0.253068497451274	0.0585687351959905	0.108705254802067	0.00559138655417894	0.476500063561974	0.19013052216407	0	0.873908182607243	0.910263709798032	1.82049835049826
value...70	0.138985114497708	0.0535025048534967	0.0147761727305258	0.17539823571028	0.0910590418126433	0.0408656349030318	0.00689584342635596	0.00246590716147268	1.22785767256754	0.0583519537798487	0	0.819624020310993	0.896062353183871	1.8101580814429
value...71	0.0878240271648104	0.222755432719056	0.0988109787926727	0.309373740318252	0.332141209562445	0.242209585430189	0.155346328914016	0.00736259202230657	0.210358621050246	0.197647687510567	0	0.890886748534792	0.911450944625963	1.86383020348456
value...72	0.0835941976820995	0.117963837323727	0.0134589105929888	0.12162110811694	0.193174212868149	0.0382385581384368	0.0901504632864558	0	1.12063332445522	0.0370164643377534	0	0.821646283249533	0.902080926539987	1.81585107680177
value...73	0.140660071198084	0.156218698308536	0.00140467232103444	0.174358283851287	0.257968802282089	0.106733581637725	0.0532697701825138	0	0.647938308447245	0.292298240174858	0	0.869614474272661	0.909848734373321	1.83085042840337
value...74	0.142533434044313	0.0721948468412336	0	0.327835369436195	0.174106719840604	0.0104247684290654	0.092910995504336	0.00135627095452125	0.653596245457978	0.354137758103685	0	0.876876270207178	0.900989692171715	1.82909640861193
value...75	0.0631254161456464	0.0396818118470249	0	0.0906387377241596	0.197723111310397	0.0402921719023483	0.04316154576905	0.001966842416981	1.24888795147851	0.0980939856877923	0	0.816607015075519	0.894737359225173	1.82357157428191
value...76	0.113298716972902	0.153339504330948	0.0235338276569333	0.360236490491311	0.213188275832918	0.0222156218065377	0.0217771069676738	0.00341322006060879	0.664905900001153	0.243312713519414	0	0.872449317724499	0.905586196194541	1.8192213776404
value...77	0.152649475405616	0.276175021613028	0.11460320339431	0.413433108963385	0.158458085158525	0.247740972220116	0.0666293912721853	0.00113655871695471	0	0.406240583592962	0	0.901017226536655	0.895114806062526	1.83706640033708
value...78	0.050946659722205	0.121721243123194	0	0.130898653419734	0.190127352971742	0.0715585978870315	0.0504958007403037	0.000486014870051303	1.09286922667614	0.142109940208963	0	0.833161168828388	0.901086178336045	1.85121348961937
value...79	0.106860020492558	0.071669008548847	0	0.132050239768779	0.129918719260397	0.0126318835123638	0.0161742153634537	0	1.20611049569935	0.13826492472002	0	0.83004347533571	0.895269071009428	1.81367950736577
value...80	0.0319581291639213	0.0590321709687976	9.37857041942298e-06	0.0768107673611621	0.121266630002248	0	0.029728357267331	0.00243329034864277	1.45808960136808	0.0376630154601296	0	0.805596430183003	0.885848793813773	1.81699134051073
value...81	0.0454051382496495	0.196075955179903	0.0155867263779302	0.32300067498227	0.113113362527655	0.0754205611760574	0.07361284364961	0.00379826724838944	0.721297518506062	0.285457067423484	0	0.86046275975662	0.905582852873583	1.85276811532101
value...82	0.122786047607119	0.192474471787048	0.00486809336668954	0.526875240805651	0.143122332491886	0	0.100087538046905	0.00054851646695992	0.0612968343886069	0.682181373707425	0	0.91125982721488	0.865820453176143	1.83424044866829
value...83	0.203166360279843	0.147634233923507	0.0609669023414775	0.329887577446179	0.192618848245896	0.216943642954953	0.0651718449647109	0.00371819744085262	0.541757611103509	0.0713609253176705	0	0.870277113357229	0.915540571976452	1.8332261440186
value...84	0.0825921966356765	0.0908073935310228	0.0358157671722725	0.125419179439328	0.115793689740477	0.0159004581297723	0.0513312400322617	0.00277668739394437	1.10459152549798	0.189100933780447	0	0.825109405787488	0.900797762015018	1.81412907135319
value...85	0.0877443932505324	0.0781709436943859	0.0579092621254674	0.109131335026311	0.119117336488703	0.0253701471957505	0.0141946229767312	0.00307138022443205	1.29357074182582	0.0195584898647386	0	0.789682692779539	0.897655038434147	1.80783865267287
value...86	0.0654002428503602	0.0406403064928108	0	0.146594079870015	0.143132790840236	0.0270375034424768	0.0323037081218121	0.00340698920676898	1.2703316358123	0.0937565486988596	0	0.807251183700722	0.895228876949332	1.82260380533564
value...87	0.0729712724901736	0.110522405824433	0.00602970860298587	0.269505170455302	0.202752215453654	0	0.0208693638627575	0.000956626692609678	0.926020665374103	0.209585756431945	0	0.851168057433296	0.902328803798074	1.81921318518796
value...88	0.279650157465847	0.288409247085379	0.00118112986286494	0.214158441593764	0.305889537734419	0.393344759493726	0.0655776866368785	0.00712381186539696	0	0.314107089327946	0	0.890072240493932	0.908773448770551	1.86944186106622
value...89	0.103473802588656	0.148783171091335	0.0276800514959504	0.25294839936122	0.103923243648007	0.0761831547114743	0.0459212816290004	0.00334652502611356	0.867721165169239	0.202218117629322	0	0.838863126024471	0.90767795571351	1.83219891235032
value...90	0.290634398112218	0.220794326224525	0.00938312353554038	0.457918161711073	0.216488485517957	0	0.281700936537862	0.0021092729992417	0.0334402661361529	0.278534152927533	0	0.912612346048085	0.886913742177585	1.7910031237021
value...91	0.0556702795849701	0.0756783197310665	0.0502913460218207	0.188590402588634	0.373126627544488	0	0.0640810532246642	0.00571397293778324	0.811808113592168	0.187312809075647	0	0.832906572005961	0.90917390234778	1.81227292430124
value...92	0.301896333453623	0.130576663937516	0.0153036238632471	0.510126951274987	0.226603182831207	0.0822117808182938	0.0267436726560609	0.00270929685971039	0.0122811424582383	0.526680898659735	0	0.910214820876497	0.880302183437378	1.83513354681262
value...93	0.0671871153235812	0.0778439563645394	0	0.211397244020451	0.155984442777544	0.0405432450705894	0.0534791005240612	0	1.14475637554721	0.0734051864130714	0	0.828399001531927	0.899031542491194	1.82459666604105
value...94	0.143130626201513	0.184420850591428	0.0470195712374855	0.214776300415297	0.17990160197588	0.123302075453431	0.0122565237738694	0	0.534767283404828	0.374844696418162	0	0.878737333221628	0.906989383801487	1.81441952947189
value...95	0.299544633314604	0.137491339852358	0.0542508781349961	0.355211824141889	0.23973189596793	0.185602740707023	0.132129524836017	0.00922274799541619	0.0145646344216622	0.413595688589793	0	0.894832371505582	0.896354604788247	1.84134590796169
value...96	0.0946438936894283	0.16687166891244	0.0205029142829703	0.347136345130118	0.25025853103712	0.0965873637125778	0.117390035340423	0	0.553501891625805	0.199915934391283	0	0.887674147604639	0.909257784988611	1.84680857812217
value...97	0.0208371665381277	0.0324388377410811	0	0.153961240458171	0.182992645713679	0.0190670389911307	0.0174946944863306	0.00160001614290575	1.31504212582866	0.0743848901194434	0	0.813347660367708	0.891066624605755	1.81781865601953
value...98	0.036670348956305	0.135082316548188	0.0247334653040402	0.13314866963545	0.274000644904999	0.0647419851186265	0.0483754326675675	0.00187141977570566	0.976491436489292	0.137086212946106	0	0.840299573053969	0.9047338921477	1.83220193234628
value...99	0.0472101052019207	0.00397298337176653	0	0.10420408796604	0.141542612560475	0.00890070803962416	0.0223876194814022	0.000609904287121544	1.44827417898957	0.0410544566797507	0	0.806311064490372	0.885607282184079	1.81815665657767
value...100	0.0651876828059633	0.205573633938629	0.162426107125397	0.347394676601407	0.21167811255995	0.168981261392553	0.194856196291949	0.00418871827034467	0.185259662497436	0.312801945879096	0	0.900859220182071	0.901117980030235	1.85834799736273
