Mixture	B	Endothelial	Fibroblasts	Mono/Macro	Tprolif	CD4Tconv	CD8Tex	Malignant	P-value	Correlation	RMSE	Absolute score (sig.score)
value...1	0.0589205306593888	0.179739849908124	0.0795483482792574	0.280122038745765	0	0.166075385206735	0.345509240920555	0.169173766262454	0	0.573572656921775	0.820753451713884	1.27908915998228
value...2	0.292248605990995	0.134311674161713	0.0639825666314554	0.305297271517296	0	0	0.430986633811923	0.0427009545757831	0	0.630186588359717	0.778904584871867	1.26952770668917
value...3	0.0358031405443804	0.351693473290201	0.115185029845386	0.206074880476454	0	0.0175990811509087	0.0591999088470153	0.472302332344943	0	0.411895369907747	0.927830660715145	1.25785784649929
value...4	0.0961368252483346	0.309293100043622	0.0951361768719738	0.308111716327493	0	0	0.0205861420724823	0.444713392616432	0	0.419914954974277	0.924717182664651	1.27397735318034
value...5	0.0345446759268529	0.387785126570771	0.0984847468022913	0.043959277517521	0.0743697552635867	0.0642920295340052	0.0429877846303617	0.484370087608699	0	0.368344578146102	0.948732038445005	1.23079348385409
value...6	0.241479315582414	0.247684519411867	0.0741430405663497	0.348113599476739	0	0	0.166024783910362	0.19196581682717	0	0.534729167469512	0.846789958531883	1.2694110757749
value...7	0.136986767780833	0.236841055130014	0.0934247326855817	0.168295128214504	0	0.0408411892279594	0.35525200458528	0.20974430565027	0	0.516381273878545	0.858548556464521	1.24138518327444
value...8	0.071139539607651	0.233841535669467	0.0921839372358545	0.436699278656307	0	0.0374560175990417	0.203391483396209	0.216604507435351	0	0.513221606892589	0.867044364391516	1.29131629959988
value...9	0	0.360218086469997	0.13872128694673	0.0645729597241231	0.0736673212636473	0	0	0.602962924848839	0	0.342632323595501	0.979748648777031	1.24014257925334
value...10	0.123789512656386	0.298761858604677	0.106720594575516	0.178199461493984	0	0.0255359219494393	0.168837606654961	0.344437642867012	0	0.451169651292744	0.896603200463341	1.24628259880198
value...11	0.182710943363046	0.149994520613113	0.0338385330601105	0.137121380252077	0	0.287345011703323	0.197621797304029	0.207672431881366	0	0.499256213454483	0.869623532916568	1.19630461817706
value...12	0.119515801926469	0.265093122336974	0.114311285682228	0.284495951045547	0	0.0568201154851397	0.179015899043138	0.249184799633393	0	0.513358493917055	0.859683042658816	1.26843697515289
value...13	0.101341555104519	0.264850735513945	0.10342441671724	0.350481274057848	0	0	0.176819747964358	0.273663812079497	0	0.470605440566992	0.890854888897223	1.27058154143741
value...14	0.0603845104471464	0.232746323512053	0.0865068277848473	0.334785843935264	0	0.0836909582730132	0.233821175088212	0.238653716414684	0	0.506032362400692	0.867244935382338	1.27058935545522
value...15	0.205023396816032	0.112601925760765	0.0385999968383972	0.411321624238654	0.0110570605435798	0	0.427502919808983	0.0858566436527015	0	0.611729428294474	0.798330894744674	1.29196356765911
value...16	0.0749617581924963	0.253187042638256	0.0738558893659233	0.270529433030372	0	0	0.289450860201851	0.306320872826923	0	0.459473996501141	0.896398527069325	1.26830585625582
value...17	0.203105997998582	0.0241235170701215	0.0046830539528246	0.449033227515729	0	0.160180637336379	0.446508821529895	0	0	0.69620106796267	0.727707406812799	1.28763525540353
value...18	0.0816483676082423	0.111110950092664	0.0376005469889021	0.481141390044956	0	0.157377391870001	0.351021451721204	0.0854701037142032	0	0.627983203232567	0.785373666960965	1.30537020204017
value...19	0.128655004664852	0.18055416862047	0.0792245861939607	0.457643147768239	0	0	0.312927592677188	0.147950926271345	0	0.601019257941105	0.802861941269418	1.30695542619605
value...20	0.117020725998506	0.306230794216678	0.159929591462531	0.35897289050727	0	0	0.0687988091284039	0.27776469930223	0	0.518992937554124	0.858897229765425	1.28871751061562
value...21	0.106275848184224	0.268273223327336	0.109546127354871	0.313574736358667	0	0.159196526424613	0.136036710188626	0.185644976091827	0	0.539079103721148	0.842859963513192	1.27854814793016
value...22	0.165361537564287	0.153029672468317	0.0945358302234873	0.576315697753891	0	0.025510382623454	0.332260233701125	0.00901305419174668	0	0.686791594990477	0.730825338811784	1.35602640852631
value...23	0.0733488527152048	0.379940718636096	0.141138673996263	0.135729082312844	0	0	0.1404110436423	0.374322126876045	0	0.41300851682308	0.92252825864184	1.24489049817875
value...24	0.0712444338854524	0.329932207770896	0.0998217508732528	0.286826704833245	0	0.0194574906681114	0.107360335087359	0.368480724401978	0	0.424967600251382	0.917480302628874	1.28312364752029
value...25	0.0573024364238815	0.378811348195093	0.110744722986286	0.115682095710349	0.00108752963812864	0	0.0443567113897782	0.529362098141086	0	0.368027681825931	0.956924777428451	1.2373469424846
value...26	0.295429512386445	0.219525064489025	0.0670071092549159	0.249067920512634	0	0.0431335861304771	0.239283956257287	0.117446625627215	0	0.547853750901228	0.837382806523039	1.230893774658
value...27	0.0938973321621505	0.152875132184095	0.0477940697390195	0.447892515960478	0	0	0.307551728287285	0.241162883723439	0	0.536798660150421	0.853685876209736	1.29117366205647
value...28	0.109641341061506	0.305402569452486	0.0695752553587547	0.289865925034986	0	0.0795925432783841	0.0691395106046235	0.329680447625548	0	0.444145793880891	0.903487125650628	1.25289759241629
value...29	0.0971384779054634	0.353296220836921	0.140724009415464	0.281300500793137	0	0	0.0385560740006829	0.357135823772684	0	0.461151255803472	0.896508946363382	1.26815110672435
value...30	0.0215105369542285	0.353632469308468	0.0948472483956308	0.133522159656835	0.0601386377800494	0	0.0134929588359178	0.563878402410143	0	0.35073735838625	0.967730380420982	1.24102241334127
value...31	0.118791430614799	0.171477173611678	0.0950468575737076	0.432830865914983	0	0	0.357608592203994	0.129519698643583	0	0.598645838326989	0.805114565755604	1.30527461856274
value...32	0.231292677857489	0.216293614839943	0.102023843288301	0.233048524619664	0	0.0111447719803457	0.31704102629858	0.129236495897893	0	0.564993586427305	0.825490964474366	1.24008095478222
value...33	0.00755433220992092	0.339047515359548	0.141378459496619	0.28937671881836	0	0.0478326652622312	0.185312477985513	0.264708250475948	0	0.471450913799255	0.889371338743252	1.27521041960814
value...34	0.047078833231708	0.347161213502876	0.13427858765693	0.293305344092125	0.0292558754630738	0	0.0227467340325421	0.407215742844928	0	0.426072615076638	0.921090018188509	1.28104233082418
value...35	0.101217596466754	0.212187610563922	0.0750560365434125	0.365935865240518	0	0.105484067015054	0.157718329380723	0.257058326079801	0	0.520020756246125	0.857373650123706	1.27465783129019
value...36	0.121586379050949	0.269298005433538	0.071545772150493	0.238984669313158	0	0	0.29743787812057	0.272194524362967	0	0.480544118964431	0.881415779591145	1.27104722843167
value...37	0	0.375216710729301	0.0918229192446659	0.0311804218377644	0.0788877870986919	0	0	0.656874840235841	0	0.332400066765672	0.988403677842988	1.23398267914626
value...38	0.0605952562039558	0.305977427559452	0.131343270070123	0.249535756990466	0	0	0.329569949987042	0.211129805439101	0	0.523294304399629	0.854751603669119	1.28815146625014
value...39	0.0596395798881916	0.242248633047169	0.121144746753248	0.369474440564186	0	0.0236415029689986	0.24931149864142	0.229864086257442	0	0.548546484302754	0.838800415113777	1.29532448812066
value...40	0.145180082421626	0.239780416138295	0.106882936730238	0.237227453069578	0	0.0555648615191019	0.187118216499179	0.278770872436946	0	0.499577731482349	0.86757705277929	1.25052483881496
value...41	0.277962632457189	0.188779180028316	0.049216231301925	0.222456882700992	0	0.0146026796290003	0.33205254015329	0.154371560085432	0	0.563278686181769	0.827069849285346	1.23944170635614
value...42	0	0.38369384587725	0.141248806826577	0.127146602181938	0.0526613629859721	0	0	0.533147102241839	0	0.383363640042925	0.952284508318919	1.23789772011358
value...43	0.140139103888562	0.280975473196518	0.0756455870633296	0.205850824942418	0	0.0718157977594266	0.12664764627087	0.341991168718255	0	0.44833092093147	0.897880337893755	1.24306560183938
value...44	0.0836501316686485	0.308346573736114	0.117402262872797	0.274164897797659	0	0.0437479783953543	0.071764239121558	0.36970755152608	0	0.457331196973631	0.896354875580382	1.26878363511821
value...45	0.193506621045449	0.200829851345978	0.048062792418717	0.222396381808855	0	0.087678744074582	0.361522062633045	0.11836473359714	0	0.58681195832362	0.810448010593782	1.23236118692377
value...46	0.0705719395452185	0.268963553476645	0.0925033294558347	0.32555223418582	0	0.0660318030126871	0.188111433688917	0.257766390991936	0	0.501992832021846	0.868707317560807	1.26950068435706
value...47	0.218963754440695	0.170408053769008	0.0783967965242286	0.194807205602432	0	0.0585591663267574	0.391227862210277	0.106723635347229	0	0.590178556044131	0.808207281413443	1.21908647422063
value...48	0.071558983713005	0.275886005428456	0.0938714467465866	0.066177199149942	0.0244549139398376	0	0.270302800483624	0.436399315711692	0	0.408313481113333	0.923550465457996	1.23865066517314
value...49	0.0136457468437998	0.287228014827185	0.113673528510135	0.33804846555146	0	0.0112514434615986	0.242358113813179	0.268369804326975	0	0.4953413340291	0.875752598191042	1.27457511733433
value...50	0	0.408368991454538	0.0994474735257281	0.0922052107797581	0.0868647012817485	0	0.000572421073415568	0.554991192949677	0	0.346084305946285	0.972661000696615	1.24244999106486
value...51	0.296259665149267	0.130087838555132	0.051223186469401	0.327688129096153	0	0.284242413277963	0.147581519164479	0.0110522803926871	0	0.629178797475322	0.777792594229368	1.24813503210508
value...52	0.0213106201343187	0.395757527398786	0.119687187092155	0.235733855391355	0	0	0.0949120292138342	0.399270583323134	0	0.404658757907362	0.933186805335078	1.26667180255358
value...53	0.270032809914078	0.184141328159667	0.0413660733168155	0.385195206547036	0	0	0.388597484902034	0.0204091313640575	0	0.642476769180541	0.768579219000436	1.28974203420369
value...54	0.109248367647145	0.167061270096998	0.0500589027969098	0.444023747316291	0	0.047689570979667	0.296280202850643	0.173150227577188	0	0.594863368608327	0.807465104214002	1.28751228926484
value...55	0	0.411589091674806	0.0878676722520735	0.207156676634224	0.0619509182494429	0.00332695907465022	0.0468094338388074	0.429431754095637	0	0.384947615428401	0.944061769562332	1.24813250581964
value...56	0.154522357344266	0.133923365836736	0.0249187870608356	0.45910466833217	0	0.126015989166924	0.179613485440341	0.202555007509144	0	0.551076692422613	0.841328300123369	1.28065366069041
value...57	0.17964256601626	0.124299768922654	0.0279420090718449	0.409597205620379	0	0.0702548914875211	0.353432981223572	0.0951904294935621	0	0.592368885295491	0.813033992176019	1.26035985183579
value...58	0.125726189475532	0.308055033422997	0.117457117179275	0.198702534508614	0	0.0982849702075262	0.112653354584207	0.293547922806419	0	0.455598598172901	0.893586047027902	1.25442712218457
value...59	0.0718050618978846	0.266388404494206	0.0534074146632505	0.152809519693991	0.0160304327202681	0.165239012305208	0.145364801383249	0.353720373841433	0	0.412950011956709	0.917650643905205	1.22476502099949
value...60	0.158877780669643	0.233003279184731	0.0468857293682489	0.0746952918580276	0.0227546084216595	0.122449715942389	0.124692812548658	0.434966001618353	0	0.380609266828571	0.934375373124358	1.21832521961171
value...61	0.00966266093730609	0.319011372788492	0.0937874663005057	0.132306382136613	0.0898715866808399	0	0.0269946865907967	0.575770142667273	0	0.350103775715127	0.965552220896612	1.24740429810183
value...62	0.0931799778051471	0.316791235970999	0.0853970364922761	0.120087612001653	0	0.204758033334384	0.0580953132872455	0.369431241894911	0	0.384473976724138	0.932847405388563	1.24774045078661
value...63	0	0.347965095240587	0.105889297505309	0.185712186563531	0.0983052746682662	0	0.032594609708449	0.481175703558694	0	0.381477036849713	0.944528805402664	1.25164216724484
value...64	0.233526273945328	0.0887149292304674	0.0379473292887908	0.260204560966516	0	0.241340929256293	0.319541886072865	0.0216965739477666	0	0.649204010215404	0.762381027609089	1.20297248270803
value...65	0.0423636119420758	0.345223910837284	0.145722102174319	0.124992237988683	0	0.136763200982572	0.112000035005461	0.336398739548277	0	0.441801405816126	0.902468822558738	1.24346383847867
value...66	0.232250555414175	0.256325291174532	0.0605131404883422	0.277748931600249	0	0.00211881638649217	0.181271882257621	0.232643073389859	0	0.498582428377505	0.869092055344091	1.24287169071127
value...67	0.214443740764881	0.219701732025265	0.0569868737694317	0.242300403450032	0	0.153518023249638	0.161404036258292	0.183978373300435	0	0.532848654922948	0.846462336185955	1.23233318281798
value...68	0.192841845183543	0.00534043115456327	0.00173857385719107	0.659350004001807	0	0.134455023370217	0.346018147936073	0	0	0.678199139011828	0.757453337480252	1.33974402550339
value...69	0.256484022835172	0.0502117668610383	0.00793986449961722	0.443926913370603	0	0	0.516663680342987	0	0	0.673493396325643	0.75328872627615	1.27522624790942
value...70	0.179346175943873	0.101591196483476	0.0403417416353331	0.423523654788696	0	0.131279329775484	0.2881848197524	0.0935825226194212	0	0.594860021508727	0.810143315165867	1.25784944099868
value...71	0.00937470603138455	0.275054820774814	0.103801536104024	0.324577483942016	0	0.0715113715084125	0.0563702632012899	0.420153361411888	0	0.398654139896769	0.938638850474195	1.26084354297383
value...72	0.0804947103005126	0.228220908047441	0.0961705933583895	0.297221018312801	0	0.0268960888821153	0.212498380305559	0.321511344727122	0	0.473124357178466	0.887103064661845	1.26301304393394
value...73	0.162322374836629	0.2671458388174	0.0871616941132748	0.16203723999194	0	0.123233625072926	0.192300528626047	0.250378665598099	0	0.461855132413813	0.889631693230101	1.24457996705631
value...74	0.121640331787602	0.259955786397929	0.101948852157824	0.292123329735405	0	0.142912269897601	0.0705192348084107	0.277787558239996	0	0.497638529124012	0.86917701246643	1.26688736302477
value...75	0.0389340748133877	0.0823306598702463	0.0140257946855633	0.619249973840542	0	0.131205375622528	0.338655163428407	0.098099938370685	0	0.634907113035354	0.789992023641047	1.32250098063136
value...76	0.13577795152635	0.262061929689071	0.110038266208452	0.156014880677403	0	0	0.190602835267101	0.386165481802991	0	0.418415160661076	0.916072258683862	1.24066134517137
value...77	0.0785234625075623	0.294568641526733	0.0829809153579804	0.224655965138069	0	0.110661374974475	0.126188709323805	0.343881994811279	0	0.410554316259195	0.921277961413101	1.2614610636399
value...78	0.0859093720956142	0.283113753082494	0.133878423061221	0.191519386967932	0	0.0436273876040701	0.231724903893131	0.281618838617533	0	0.514322059128408	0.858310943197022	1.25139206532199
value...79	0.0446334687692433	0.294026664286339	0.0785399928954004	0.11696380086024	0.0519578082020538	0.0536156286080711	0.179869639142153	0.416399674229258	0	0.40762411630247	0.921883058506196	1.23600667699276
value...80	0.212134007854266	0.255961828479575	0.0911161060201498	0.426766714504897	0	0.00352857884283039	0.0814577042887313	0.200995475939083	0	0.544014412102924	0.842692384210469	1.27196041592953
value...81	0.124717955524675	0.166502732150939	0.0685489544596602	0.372647080701706	0	0.195751663917627	0.363200818770999	0	0	0.68264102914248	0.731337753992243	1.29136920552561
value...82	0.301033561944274	0.0943149345431161	0.0282777952356187	0.247285641422583	0	0.189548747833582	0.294643141212268	0.0617004770232465	0	0.578886577018886	0.820904982726759	1.21680429921469
value...83	0.207338813810074	0.0507970306533963	0.0064083753905013	0.746254544650169	0	0.0261372007418923	0.284161160157711	0.0128848402567576	0	0.640904587864371	0.802404574236509	1.3339819656605
value...84	0.256237521365408	0.109070971562924	0.0387068104411636	0.413643892695217	0	0.0874332740634614	0.289324179995019	0.0610375494672755	0	0.640458446983338	0.770289111307796	1.25545419959047
value...85	0.127486363273943	0.17561645903922	0.0525445613269707	0.540453442980038	0	0	0.319871493949125	0.114390792495684	0	0.599737994556986	0.809342083864812	1.33036311306498
value...86	0.101124938582305	0.256595586763424	0.106473057555667	0.148991600263042	0	0	0.234996172945267	0.394900824339116	0	0.391437765116016	0.933026760800555	1.24308218044882
value...87	0.14424446270979	0.124732541151888	0.10017666058777	0.322245802850007	0	0.118873242995078	0.461810939262828	0.0158102547348176	0	0.678664304326484	0.735671482017917	1.28789390429218
value...88	0.130660432730322	0.130453535962189	0.0338325343122598	0.526089454373342	0	0.0966159168686669	0.287198904886462	0.0994482451823336	0	0.613701286269167	0.797634896134267	1.30429902431557
value...89	0.0990135922611129	0.317456900914143	0.0980066239650415	0.143004326495432	0	0.0221774191734	0.168760434014461	0.388236605612615	0	0.432829228140682	0.907760583159316	1.23665590243621
value...90	0.119461772181079	0.28176328626386	0.124856548710588	0.504321591493842	0	0.0367177081080935	0.112799693068694	0.128909811606152	0	0.574188128276892	0.82402302265835	1.30883041143231
value...91	0.0608285959896431	0.282180883689631	0.0706667700903155	0.258951586818614	0	0.0656082455495112	0.131720477186738	0.403232238899452	0	0.424859221253661	0.91518528986254	1.2731887982239
value...92	0.20187403043471	0.189690922548069	0.0545685496931273	0.397354311494268	0	0.12430683104958	0.0668007272500772	0.233815952442196	0	0.518783268860787	0.858977883421636	1.26841132491203
value...93	0.0789278228582096	0.269338204076412	0.0789366495976028	0.255075648956248	0	0	0.171329578742881	0.404820739212066	0	0.414935369452689	0.922194869975911	1.25842864344342
value...94	0.0682283236834143	0.360101595342405	0.102138382988198	0.31506366972829	0	0	0.154272414105638	0.282708906078665	0	0.493897968036764	0.874405693856036	1.28251329192661
value...95	0.212460298653707	0.112429092295925	0.0432775669172091	0.319907170259332	0	0.165140130276148	0.333103671197026	0.0448118154075062	0	0.639846616917951	0.770137756885937	1.23112974500685
value...96	0.13456517757797	0.259824731414748	0.113455951917499	0.389217853911489	0	0.0837251342623284	0.175763787731437	0.142084414257178	0	0.569134421349325	0.823450599879971	1.29863705107265
value...97	0.318562809298731	0.140131662914527	0.0245516882537877	0.216353888200816	0	0.118008673151435	0.305052961599724	0.107509134189165	0	0.579244733177488	0.816977746271439	1.23017081760819
value...98	0.106653938897035	0.32366346441029	0.101794878301846	0.36674215031615	0	0.0212716133650659	0.0622154704155334	0.279732356112387	0	0.489417269204578	0.879179454509382	1.26207387181831
value...99	0.0816655828860116	0.279251826444404	0.0964622482236711	0.249377901803291	0	0	0.347150916149592	0.230940884202025	0	0.543452490001765	0.840738211657464	1.28484935970899
value...100	0.122130339574701	0.191853367671815	0.073965477958791	0.326457740196474	0	0.255009558133644	0.0671048291781523	0.228196386722427	0	0.526130881214806	0.851525235060049	1.264717699436
