

sampleID	B	Endothelial	Fibroblasts	Mono.Macro	Tprolif	CD4Tconv	CD8Tex	Malignant	otherCells
value...1	0.0305	0.0268	0.0327	0.0268	0.1434	0.0864	0.0445	0.2717	0.3372
value...2	0	0.104	0.0294	0.088	0.031	0.1043	0.0468	0.2858	0.3107
value...3	0.0059	0.0747	0.0951	0.0362	0.1643	0.0795	0.0774	0.1038	0.3631
value...4	0	0.0413	0.0039	0.0779	0.1257	0.061	0.0333	0.3474	0.3095
value...5	0.0284	0.0969	0.0586	0.0347	0.1109	0.0704	0.0022	0.2911	0.3068
value...6	0.0079	0.0979	0.1243	0.042	0.0284	0.0598	0.0821	0.1765	0.3811
value...7	0.0431	0.0207	0.0946	0.0146	0.1011	0.0314	0.0321	0.3752	0.2872
value...8	0.0475	0.021	0.0738	0.0193	0.0743	0.0402	0	0.4538	0.2701
value...9	0	0.0566	0.0517	0.0813	0.1161	0.0632	0.0044	0.3305	0.2963
value...10	0	0.0539	0.0385	0.0373	0.0566	0.0636	0.0483	0.377	0.3248
value...11	0	0.115	0.0527	0.0725	0.0371	0.0614	0.031	0.3627	0.2676
value...12	0.027	0.0526	0.0502	0.0129	0.0459	0.0296	0.0019	0.5723	0.2077
value...13	0.0189	0.023	0.0092	0.0213	0.0662	0.0315	0	0.5554	0.2746
value...14	0.0378	0.0818	0.0574	0.0176	0.0688	0.0653	0.0745	0.2478	0.3489
value...15	0	0.0572	0.0377	0.0318	0.0933	0.0427	0.015	0.4025	0.3198
value...16	0.0405	0.1083	0.1375	0.0323	0.0466	0.0493	0.0166	0.249	0.3199
value...17	0	0.1037	0.0553	0.0778	0.1137	0.0971	0.0643	0.1427	0.3454
value...18	0	0.0264	0.0101	0.0087	0.043	0.0145	7e-04	0.6808	0.2158
value...19	0	0.0357	0.1077	0.0956	0.1629	0.0727	0.0083	0.1708	0.3463
value...20	0.0083	0.0986	0.0563	0.0594	0.0948	0.0983	0.0121	0.2083	0.364
value...21	0	0.0443	0.0107	0.0062	0.0388	0.0213	0.0071	0.6476	0.224
value...22	0	0.0818	0.0442	0.0878	0.1155	0.0734	0.0663	0.1744	0.3568
value...23	0.0304	0.0883	0.0224	0.0327	0.1078	0.0407	0	0.3378	0.3399
value...24	0.1166	0.0508	0.0433	0.0572	0.0221	0.083	0.1192	0.1462	0.3615
value...25	0.0051	0.0577	0.043	0.0903	0.0365	0.0336	0.0514	0.3948	0.2876
value...26	0	0.116	0.041	0.037	0.0753	0.1277	0.0799	0.1248	0.3984
value...27	0.0094	0.0635	0.0225	0.0195	0.1193	0.0682	0.0391	0.3619	0.2966
value...28	0	0.0667	0.0882	0.0589	0.0415	0.038	0	0.3971	0.3095
value...29	0.0067	0.0376	0.0772	0.0266	0.1089	0.0676	0.0328	0.4035	0.2392
value...30	0	0.1312	0.0464	0.0742	0.1019	0.1298	0.0041	0.1485	0.3638
value...31	0	0.1275	0.0315	0.0662	0.1638	0.0879	0.0176	0.1469	0.3586
value...32	0	0.0894	0.0505	0.0868	0.0843	0.0821	0.0209	0.2009	0.385
value...33	0	0.0567	0.007	0.0638	0.1063	0.06	0.0208	0.3538	0.3315
value...34	0	0.129	0.1024	0.0863	0.0664	0.053	0.0608	0.1551	0.347
value...35	0	0.0272	0.0866	0.0926	0.0626	0.0496	0.0596	0.2953	0.3266
value...36	0	0.1139	0.0151	0.0841	0.0384	0.087	0.0308	0.2973	0.3333
value...37	0	0.0436	0.0638	0.0466	0.0488	0.0394	0.0137	0.4594	0.2846
value...38	9e-04	0.0464	0.0598	0.0619	0.1515	0.0468	0.0312	0.2321	0.3694
value...39	0	0.0817	0.0566	0.0602	0.0241	0.0814	0	0.4377	0.2583
value...40	0	0.0437	0.0519	0.047	0.0706	0.0454	0.0074	0.4866	0.2474
value...41	0	0.0794	0.0111	0.0405	0.1574	0.0352	9e-04	0.3719	0.3035
value...42	0.0039	0.0292	0.074	0.0538	0.0535	0.0616	0.0057	0.4164	0.3019
value...43	0.0547	0.0206	0.0386	0.0329	0.096	0.0688	0.0368	0.3866	0.2649
value...44	0	0.1325	0.0198	0.0852	0.0259	0.1206	0.0825	0.1356	0.3979
value...45	0	0.0585	0.0163	0.029	0.0779	0.02	0	0.5211	0.2771
value...46	0	0.1343	0.0129	0.0994	0.1314	0.0593	0.0075	0.1454	0.4098
value...47	0.1077	0.0215	0.131	0.0084	0.22	0.0411	0.0061	0.1507	0.3135
value...48	0	0.1182	0.02	0.1111	0.0509	0.0792	0.0409	0.2395	0.3402
value...49	0	0.0983	0.0634	0.0607	0.0403	0.0668	0.0437	0.3582	0.2687
value...50	0	0.0364	0.0541	0.0333	0.0688	0.0291	0.0146	0.5364	0.2272
value...51	0	0.0324	0.0344	0.0666	0.0369	0.0553	0.0268	0.4537	0.294
value...52	0	0.0475	0.0468	0.0795	0.1166	0.0383	0.0131	0.3672	0.2912
value...53	0.0092	0.0382	0.0248	0.0233	0.0898	0.0408	0	0.5232	0.2506
value...54	0	0.0599	0.0445	0.0581	0.052	0.0323	1e-04	0.5122	0.2407
value...55	0	0.1204	0.0598	0.0637	0.061	0.0678	0.0278	0.2856	0.3139
value...56	0	0.0349	0.0115	0.0256	0.059	0.0266	0	0.5878	0.2547
value...57	0	0.0527	0.0275	0.03	0.0912	0.0508	0.0226	0.4516	0.2736
value...58	0	0.043	0.0214	0.014	0.0519	0.0114	0.0024	0.6371	0.2189
value...59	0	0.1154	0.0511	0.1137	0.0188	0.033	0.0179	0.3167	0.3334
value...60	0	0.0372	0.0111	0.0483	0.1151	0.0639	0.0189	0.3752	0.3303
value...61	0	0.0868	0.0731	0.0403	0.0597	0.0312	0.0077	0.4378	0.2634
value...62	0.0946	0.0735	0.0089	0.0248	0.0921	0.0672	0.093	0.1969	0.3489
value...63	0	0.0669	0.0085	0.0313	0.044	0.0355	0.0373	0.5522	0.2242
value...64	0	0.0443	0.0346	0.0966	0.0789	0.0674	0.0748	0.2413	0.362
value...65	0.0194	0.0656	0.1011	0.0874	0.1482	0.0675	0.0066	0.1614	0.3427
value...66	0.0371	0.0593	0.0422	0.0345	0.0896	0.0738	0.0214	0.3665	0.2756
value...67	0	0.0307	0.0223	0.0145	0.0448	0.0052	0	0.6487	0.2339
value...68	0.0353	0.0281	0.0988	0.0526	0.0852	0.047	0.0088	0.3725	0.2718
value...69	0	0.0205	0.019	0.0392	0.0925	0.0233	0.0157	0.5026	0.2871
value...70	0	0.0865	0.0454	0.0943	0.0489	0.0698	0.0896	0.2308	0.3348
value...71	0	0.0515	0.039	0.0516	0.0437	0.032	0.0107	0.4833	0.2881
value...72	0	0.0191	0.0154	0.0717	0.1114	0.076	0.0029	0.4136	0.2898
value...73	0	0.1022	0.0943	0.0894	0.1213	0.0365	0.0185	0.1874	0.3505
value...74	0	0.0135	0.0029	0.0064	0.0261	0	1e-04	0.7939	0.157
value...75	0	0.1037	0.0264	0.0725	0.0503	0.0776	0.0555	0.2907	0.3232
value...76	0	0.0184	0.0103	0.0099	0.0565	0.0043	0	0.6667	0.234
value...77	0	0.0195	0.0237	0.0203	0.0316	0.0135	0.0065	0.6694	0.2155
value...78	0	0.0681	0.0658	0.0571	0.0397	0.0368	0.0226	0.4104	0.2995
value...79	0	0.0499	0.0832	0.0262	0.0763	0.0348	0.0046	0.4622	0.2629
value...80	0	0.0567	0.0612	0.0321	0.0329	0.0577	0.0267	0.4777	0.255
value...81	0	0.0261	0.0598	0.1456	0.0946	0.0493	0.0452	0.2728	0.3065
value...82	0.0066	0.0828	0.052	0.0447	0.0981	0.056	0.0101	0.3362	0.3135
value...83	0	0.0687	0.0512	0.0423	0.0324	0.0329	0	0.5215	0.251
value...84	0	0.0228	0.0838	0.1056	0.092	0.0464	0.0457	0.2912	0.3125
value...85	0	0.0802	0.0594	0.0874	0.1567	0.0772	0.0338	0.1404	0.3649
value...86	0	0.0305	0.0403	0.0273	0.0569	0.0175	0.0277	0.5488	0.251
value...87	0	0.1078	0.0888	0.0952	0.1145	0.0803	0.0034	0.1762	0.3339
value...88	0	0.1117	0.0847	0.0162	0.0571	0.047	0.0103	0.3562	0.3167
value...89	0	0.0867	0.0357	0.0237	0.0796	0.0479	0	0.3905	0.3358
value...90	0	0.043	0.1236	0.0993	0.0968	0.0641	0.0281	0.204	0.3411
value...91	0	0.1595	0.0118	0.1107	0.0783	0.0814	0.0515	0.1252	0.3816
value...92	0	0.0885	0.0291	0.0557	0.0679	0.0627	0.0348	0.3703	0.291
value...93	0	0.0143	0.0114	0.016	0.0633	0.0447	0.0493	0.577	0.224
value...94	0	0.1461	0.0816	0.0976	0.0531	0.0648	0.0299	0.1502	0.3766
value...95	0	0.1134	0.0718	0.0527	0.0264	0.0742	0.0271	0.3332	0.3012
value...96	0	0.0777	0.0212	0.0671	0.0566	0.0319	0.0057	0.4304	0.3094
value...97	0	0.0897	0.0537	0.0713	0.0887	0.0439	3e-04	0.3536	0.2987
value...98	0	0.0144	0.0051	0.0077	0.0281	0	0	0.7089	0.2358
value...99	0.0132	0.0513	0.0415	0.0168	0.0737	0.05	0.0051	0.4738	0.2746
value...100	0	0.0888	0.0045	0.0662	0.0832	0.089	0.0485	0.2847	0.3351
