
sampleID	B	Endothelial	Fibroblasts	Mono.Macro	Tprolif	CD4Tconv	CD8Tex	Malignant	otherCells
value...1	0.0462	0.113	0.1325	0.1413	0	0.1732	0.173	0	0.2208
value...2	0.1443	0.1111	0.1551	0.1745	0	0.2724	0.0966	0	0.046
value...3	0.0527	0.0306	0.182	0.0589	0	0	0.1197	0.2082	0.348
value...4	0.057	0.0494	0.0816	0.0408	0	0	0.1186	0.3346	0.3179
value...5	0.0261	0.0323	0.0875	0.0227	0.0609	0.1002	0.0376	0.332	0.3007
value...6	0.0301	0.0628	0.1271	0.1025	0	0	0.3079	0	0.3695
value...7	0.0088	0.1694	0.1503	0.1511	0.1927	0.1175	0.0033	0	0.2069
value...8	0.0357	0.0563	0.0816	0.1121	0	0	0.2673	0.0902	0.3568
value...9	0.0272	0.0202	0.044	0.0251	0	0	0.0355	0.5091	0.3389
value...10	0.0767	0.0242	0.1346	0.0578	0	0.1507	0.0547	0.1805	0.3207
value...11	0.0705	0.0579	0.0179	0.0382	0	0.1727	0.2045	0.1676	0.2707
value...12	0.0619	0.0512	0.2012	0.1147	0	0	0.2077	0	0.3633
value...13	0.0268	0.0777	0.107	0.0695	0	0	0.2127	0.1047	0.4016
value...14	0.0699	0.0444	0.0726	0.1132	0	0.0029	0.2271	0.0062	0.4636
value...15	0.0396	0.15	0.0301	0.2038	0	0.0606	0.1416	0	0.3744
value...16	0.1191	0.1002	0.1515	0.1423	0	1e-04	0.14	0	0.3469
value...17	0.0214	0.1863	0.0341	0.2472	0	0.0768	0.2768	0	0.1573
value...18	0.0684	0.1744	0.0825	0.1928	1e-04	0	0.427	1e-04	0.0546
value...19	0.0517	0.1597	0.1499	0.1903	0	0	0.291	0	0.1574
value...20	0.0598	0.0159	0.2269	0.0488	0	0	0.2419	0.0546	0.3521
value...21	0.1004	0.0251	0.2122	0.0912	0	0.1479	0.1603	0	0.263
value...22	0.032	0.0897	0.286	0.1316	0	0	0.3592	0	0.1015
value...23	0.0384	0.0325	0.1566	0.0552	0	0.0287	0.0469	0.245	0.3967
value...24	0.0397	0.0211	0.0766	0.0288	0	0	0.1458	0.272	0.416
value...25	0.0278	0.0394	0.0324	0.0242	0	0	0.1065	0.3174	0.4523
value...26	0.1634	0.0629	0.2501	0.0353	0	0.323	0.0587	0	0.1065
value...27	0.0607	0.0959	0.0163	0.1406	0	0	0.2369	0	0.4497
value...28	0.0603	0.0388	0.113	0.0796	0	0.0219	0.1578	0.0732	0.4554
value...29	0.0983	0.0378	0.2485	0.043	0	0	0.1458	0.1308	0.2958
value...30	0.0152	0.0518	0.008	0.03	0	0.0018	0.0442	0.4198	0.4293
value...31	0.0938	0.1643	0.1636	0.2183	0	0	0.199	0	0.161
value...32	0.071	0.1622	0.2184	0.1259	0	0.171	0.0557	0	0.1959
value...33	0.0407	0.0405	0.1591	0.0518	0	0	0.2097	0.1821	0.3161
value...34	0.025	0.0122	0.1109	0.0365	0	4e-04	0.114	0.2924	0.4086
value...35	0.0188	0.0368	0.0646	0.0724	0	0	0.2835	0.1363	0.3876
value...36	0.0994	0.061	0.0904	0.1251	0	0.0269	0.1478	0	0.4493
value...37	8e-04	0.0029	0.0016	0.0016	0.0024	0.0061	6e-04	0.5975	0.3865
value...38	0.0086	0.0944	0.1804	0.1663	0	0	0.1644	0	0.3859
value...39	0.0462	0.0733	0.1893	0.1309	0	0.0686	0.1254	0	0.3664
value...40	0.063	0.0691	0.1483	0.0646	0	0.007	0.2056	0	0.4423
value...41	0.0625	0.168	0.1165	0.1709	0	0.1762	0.0815	0	0.2244
value...42	0.0618	8e-04	0.1227	0.0072	0	0	0.1137	0.5088	0.1849
value...43	0.086	0.0658	0.1106	0.109	0	0	0.1836	0.0348	0.4103
value...44	0.0711	0.0355	0.1277	0.0499	0	0	0.2379	0.2075	0.2705
value...45	0.0189	0.1589	0.1214	0.1718	0	0.1868	0.1021	0	0.2403
value...46	0.087	0.0639	0.1778	0.0633	0	0	0.1925	1e-04	0.4154
value...47	0.119	0.1625	0.1746	0.1102	0	0.161	0.1413	0	0.1313
value...48	0.0418	0.0726	0.0783	0.1474	0.0437	0.1584	0	0.0495	0.4083
value...49	0.0209	0.0808	0.1715	0.1288	0	0.0103	0.1383	0	0.4495
value...50	0.0036	0.0014	0.0372	0.0338	0	0.0087	0.0106	0.5066	0.3981
value...51	0.0547	0.059	0.1916	0.0466	0	0.1355	0.3471	0	0.1656
value...52	0.0268	0.0779	0.13	0.0911	0	0.2885	0.1099	0	0.2759
value...53	0.0595	0.13	0.2239	0.1733	0	0.1576	0.1356	0	0.12
value...54	0.0273	0.0849	0.0967	0.1862	0	0.0523	0.2369	0	0.3156
value...55	0.0362	0.0449	0.0601	0.006	0	0.297	0.1069	0.0182	0.4306
value...56	0.1126	0.0453	0.0387	0.0578	0	0	0.3602	0	0.3853
value...57	0.0564	0.1214	0.0743	0.0922	0	0	0.4153	0	0.2403
value...58	0.1266	0.047	0.1838	0.0325	0	0.2293	0.1502	0	0.2305
value...59	0.0037	0.0826	0.0177	0.0262	0.2463	0.3346	0	0	0.2888
value...60	0.0658	0.0703	0.0073	0.0078	0.222	0.3759	0	0	0.2509
value...61	0.0221	0.04	0.02	0.0148	0	0.3563	0.0921	0	0.4546
value...62	0.0475	0.0638	0.0678	0.0407	0.1857	0.332	0.0294	0	0.2332
value...63	0.0255	0.0592	0.0638	0.0421	0.0015	0.3549	0.0384	0	0.4146
value...64	0.0614	0.1507	0.0916	0.0718	0	0.1479	0.2646	0	0.212
value...65	0.0785	0.0409	0.1734	0.0189	1e-04	0.3085	0.1141	0	0.2657
value...66	0.0786	0.1096	0.1605	0.0712	0.016	0.342	0	0	0.2222
value...67	0.0191	0.088	0.1506	0.0393	0	0.25	0.1682	0	0.2848
value...68	0.0547	0.1468	0.0019	0.1244	3e-04	0	0.3395	0	0.3324
value...69	0.0563	0.2292	0.0537	0.2209	1e-04	0	0.2947	0	0.1451
value...70	0.0699	0.1553	0.0884	0.1122	0	0.1686	0.2062	0	0.1994
value...71	0.0282	0.0758	0.0305	0.0468	0	0.1587	0.196	0	0.464
value...72	0.0868	0.1137	0.0892	0.0524	0	0.1995	0.1386	0	0.3197
value...73	0.0306	0.0603	0.1198	0.0501	0	0.2377	0.1858	0	0.3158
value...74	0.0337	0.0522	0.1203	0.0211	0.2162	0.3144	0	0	0.2421
value...75	0.0803	0.0856	0.0041	0.1888	0	0	0.5177	0	0.1235
value...76	0.0698	0.1031	0.076	0.1006	0	0.2996	0.0719	0	0.279
value...77	0.0174	0.044	0.053	0.017	0.1439	0.3571	0	0	0.3676
value...78	0.0392	0.131	0.2091	0.0889	0.1037	0.2059	0.0693	0	0.1528
value...79	0.0464	0.0769	0.0835	0.0512	0.164	0.3175	0	0	0.2604
value...80	0.0737	0.0807	0.1854	0.0822	0	0.0385	0.2099	0	0.3297
value...81	0.0143	0.0785	0.2149	0.1671	0	0	0.3838	0	0.1414
value...82	0.1289	0.1045	0.0989	0.0609	0	0.2734	0.1394	0	0.1939
value...83	0.1256	0.1337	0.0167	0.1162	0	0	0.259	0	0.3488
value...84	0.0308	0.1244	0.1069	0.2002	0	0	0.3747	0	0.1629
value...85	0.0702	0.114	0.074	0.1605	0.1389	0.1158	0.1615	0.165	0
value...86	0.0437	0.0812	0.024	0.0879	4e-04	0.4481	0	0	0.3148
value...87	0.0633	0.1387	0.1863	0.2501	0	0	0.3177	0	0.0438
value...88	0.0673	0.1095	0.0774	0.151	0	3e-04	0.3735	0	0.2211
value...89	0.0341	0.0784	0.1226	0.0936	0.0862	0.3636	0	0	0.2215
value...90	0.0466	0.0424	0.2064	0.0677	0	0	0.3137	0	0.3232
value...91	0.0654	0.0702	0.031	0.0939	0	0.2185	0.1932	0	0.328
value...92	0.0752	0.0795	0.0401	0.0767	0	0.049	0.3065	0	0.373
value...93	0.0771	0.0546	0.0242	0.034	0	0.2302	0.1525	0	0.4274
value...94	0.0209	0.0825	0.161	0.0858	0	0.0886	0.2255	0	0.3358
value...95	0.0205	0.1539	0.1375	0.1215	0	0.1618	0.247	0	0.1577
value...96	0.0219	0.0756	0.1648	0.1008	0	0.0099	0.2881	0	0.3389
value...97	0.103	0.1405	0.1039	0.1075	0	0.2218	0.1775	0	0.1458
value...98	0.0289	0.0543	0.1617	0.0594	0	0.073	0.251	0	0.3718
value...99	0.0193	0.1284	0.1717	0.1547	0	0.1105	0.1717	0	0.2438
value...100	0.0106	0.0389	0.1202	0.0261	0.1324	0.3921	0.0954	0.0025	0.1818
